1	1
2	2
3	16
4	4
5	16
6	16
7	52
8	8
9	52
10	16
11	52
12	16
13	40
14	52
15	160
16	16
17	52
18	52
19	88
20	20
21	64
22	52
23	160
24	24
25	88
26	40
27	9232
28	52
29	88
30	160
31	9232
32	32
33	100
34	52
35	160
36	52
37	112
38	88
39	304
40	40
41	9232
42	64
43	196
44	52
45	136
46	160
47	9232
48	48
49	148
50	88
51	232
52	52
53	160
54	9232
55	9232
56	56
57	196
58	88
59	304
60	160
61	184
62	9232
63	9232
64	64
65	196
66	100
67	304
68	68
69	208
70	160
71	9232
72	72
73	9232
74	112
75	340
76	88
77	232
78	304
79	808
80	80
81	244
82	9232
83	9232
84	84
85	256
86	196
87	592
88	88
89	304
90	136
91	9232
92	160
93	280
94	9232
95	9232
96	96
97	9232
98	148
99	448
100	100
101	304
102	232
103	9232
104	104
105	808
106	160
107	9232
108	9232
109	9232
110	9232
111	9232
112	112
113	340
114	196
115	520
116	116
117	352
118	304
119	808
120	160
121	9232
122	184
123	628
124	9232
125	9232
126	9232
127	4372
128	128
129	9232
130	196
131	592
132	132
133	400
134	304
135	916
136	136
137	9232
138	208
139	628
140	160
141	424
142	9232
143	9232
144	144
145	9232
146	9232
147	9232
148	148
149	448
150	340
151	1024
152	152
153	520
154	232
155	9232
156	304
157	472
158	808
159	9232
160	160
161	9232
162	244
163	736
164	9232
165	9232
166	9232
167	9232
168	168
169	4372
170	256
171	9232
172	196
173	520
174	592
175	9232
176	176
177	532
178	304
179	808
180	180
181	544
182	9232
183	9232
184	184
185	628
186	280
187	952
188	9232
189	9232
190	9232
191	4372
192	192
193	9232
194	9232
195	9232
196	196
197	592
198	448
199	9232
200	200
201	1024
202	304
203	916
204	232
205	616
206	9232
207	9232
208	208
209	628
210	808
211	952
212	212
213	640
214	9232
215	9232
216	9232
217	736
218	9232
219	1672
220	9232
221	9232
222	9232
223	9232
224	224
225	4372
226	340
227	1024
228	228
229	688
230	520
231	9232
232	232
233	9232
234	352
235	9232
236	304
237	712
238	808
239	9232
240	240
241	724
242	9232
243	9232
244	244
245	736
246	628
247	1672
248	9232
249	952
250	9232
251	9232
252	9232
253	9232
254	4372
255	13120
256	256
257	9232
258	9232
259	9232
260	260
261	784
262	592
263	9232
264	264
265	9232
266	400
267	1204
268	304
269	808
270	916
271	2752
272	272
273	820
274	9232
275	9232
276	276
277	832
278	628
279	1888
280	280
281	952
282	424
283	9232
284	9232
285	9232
286	9232
287	4372
288	288
289	868
290	9232
291	9232
292	9232
293	9232
294	9232
295	2248
296	296
297	9232
298	448
299	9232
300	340
301	904
302	1024
303	3076
304	304
305	916
306	520
307	1384
308	308
309	928
310	9232
311	9232
312	312
313	9232
314	472
315	1600
316	808
317	952
318	9232
319	9232
320	320
321	964
322	9232
323	9232
324	324
325	976
326	736
327	9232
328	9232
329	1672
330	9232
331	1492
332	9232
333	9232
334	9232
335	9232
336	336
337	9232
338	4372
339	4372
340	340
341	1024
342	9232
343	9232
344	344
345	9232
346	520
347	9232
348	592
349	1048
350	9232
351	9232
352	352
353	9232
354	532
355	1600
356	356
357	1072
358	808
359	9232
360	360
361	2752
362	544
363	1636
364	9232
365	9232
366	9232
367	4192
368	368
369	1108
370	628
371	1672
372	372
373	1120
374	952
375	2536
376	9232
377	9232
378	9232
379	2752
380	9232
381	9232
382	4372
383	13120
384	384
385	1156
386	9232
387	9232
388	9232
389	9232
390	9232
391	9232
392	392
393	2248
394	592
395	9232
396	448
397	1192
398	9232
399	9232
400	400
401	1204
402	1024
403	1816
404	404
405	1216
406	916
407	2752
408	408
409	1384
410	616
411	9232
412	9232
413	9232
414	9232
415	9232
416	416
417	9232
418	628
419	1888
420	808
421	1264
422	952
423	3220
424	424
425	9232
426	640
427	2752
428	9232
429	9232
430	9232
431	4372
432	9232
433	1300
434	736
435	1960
436	9232
437	9232
438	1672
439	2968
440	9232
441	1492
442	9232
443	2248
444	9232
445	9232
446	9232
447	39364
448	448
449	9232
450	4372
451	4372
452	452
453	1360
454	1024
455	3076
456	456
457	9232
458	688
459	9232
460	520
461	1384
462	9232
463	9232
464	464
465	1396
466	9232
467	9232
468	468
469	1408
470	9232
471	9232
472	472
473	1600
474	712
475	3616
476	808
477	1432
478	9232
479	9232
480	480
481	2752
482	724
483	2176
484	9232
485	9232
486	9232
487	9232
488	488
489	4192
490	736
491	9232
492	628
493	1480
494	1672
495	14308
496	9232
497	1492
498	952
499	2248
500	9232
501	9232
502	9232
503	9232
504	9232
505	2752
506	9232
507	2896
508	4372
509	4372
510	13120
511	39364
512	512
513	1540
514	9232
515	9232
516	9232
517	9232
518	9232
519	3508
520	520
521	9232
522	784
523	9232
524	592
525	1576
526	9232
527	9232
528	528
529	1588
530	9232
531	9232
532	532
533	1600
534	1204
535	3616
536	536
537	1816
538	808
539	9232
540	916
541	1624
542	2752
543	9232
544	544
545	1636
546	820
547	2464
548	9232
549	9232
550	9232
551	4192
552	552
553	9232
554	832
555	2500
556	628
557	1672
558	1888
559	8080
560	560
561	1684
562	952
563	2536
564	564
565	1696
566	9232
567	9232
568	9232
569	2752
570	9232
571	2896
572	9232
573	9232
574	4372
575	13120
576	576
577	1732
578	868
579	2608
580	9232
581	9232
582	9232
583	3940
584	9232
585	2968
586	9232
587	9232
588	9232
589	9232
590	2248
591	5992
592	592
593	9232
594	9232
595	9232
596	596
597	1792
598	9232
599	9232
600	600
601	4372
602	904
603	5812
604	1024
605	1816
606	3076
607	9232
608	608
609	9232
610	916
611	2752
612	612
613	1840
614	1384
615	10528
616	616
617	9232
618	928
619	9232
620	9232
621	9232
622	9232
623	9232
624	624
625	1876
626	9232
627	9232
628	628
629	1888
630	1600
631	4264
632	808
633	3616
634	952
635	3220
636	9232
637	9232
638	9232
639	41524
640	640
641	2752
642	964
643	2896
644	9232
645	9232
646	9232
647	4372
648	648
649	9232
650	976
651	9232
652	736
653	1960
654	9232
655	9232
656	9232
657	1972
658	1672
659	2968
660	9232
661	9232
662	1492
663	4480
664	9232
665	2248
666	9232
667	21688
668	9232
669	9232
670	9232
671	39364
672	672
673	2752
674	9232
675	9232
676	4372
677	4372
678	4372
679	5812
680	680
681	39364
682	1024
683	3076
684	9232
685	9232
686	9232
687	6964
688	688
689	9232
690	9232
691	9232
692	692
693	2080
694	9232
695	9232
696	696
697	9232
698	1048
699	3544
700	9232
701	9232
702	9232
703	250504
704	704
705	2116
706	9232
707	9232
708	708
709	2128
710	1600
711	4804
712	712
713	3616
714	1072
715	3220
716	808
717	2152
718	9232
719	9232
720	720
721	2164
722	2752
723	3256
724	724
725	2176
726	1636
727	4912
728	9232
729	2464
730	9232
731	9232
732	9232
733	9232
734	4192
735	11176
736	736
737	9232
738	1108
739	3328
740	740
741	2224
742	1672
743	14308
744	744
745	8080
746	1120
747	4264
748	952
749	2248
750	2536
751	21688
752	9232
753	2260
754	9232
755	9232
756	9232
757	9232
758	2752
759	5128
760	9232
761	2896
762	9232
763	9232
764	4372
765	4372
766	13120
767	39364
768	768
769	2308
770	1156
771	3472
772	9232
773	9232
774	9232
775	9232
776	9232
777	3940
778	9232
779	3508
780	9232
781	9232
782	9232
783	9232
784	784
785	9232
786	2248
787	3544
788	788
789	2368
790	9232
791	9232
792	792
793	9232
794	1192
795	39364
796	9232
797	9232
798	9232
799	12148
800	800
801	4372
802	1204
803	3616
804	1024
805	2416
806	1816
807	39364
808	808
809	9232
810	1216
811	9232
812	916
813	2440
814	2752
815	9232
816	816
817	2452
818	1384
819	3688
820	820
821	2464
822	9232
823	9232
824	9232
825	9232
826	9232
827	4192
828	9232
829	9232
830	9232
831	18952
832	832
833	2500
834	9232
835	9232
836	836
837	2512
838	1888
839	8080
840	840
841	4264
842	1264
843	3796
844	952
845	2536
846	3220
847	8584
848	848
849	9232
850	9232
851	9232
852	852
853	2560
854	2752
855	5776
856	9232
857	2896
858	9232
859	9232
860	9232
861	9232
862	4372
863	13120
864	9232
865	9232
866	1300
867	3904
868	868
869	2608
870	1960
871	190996
872	9232
873	9232
874	9232
875	3940
876	1672
877	2632
878	2968
879	10024
880	9232
881	9232
882	1492
883	3976
884	9232
885	9232
886	2248
887	5992
888	9232
889	21688
890	9232
891	8584
892	9232
893	9232
894	39364
895	39364
896	896
897	2752
898	9232
899	9232
900	4372
901	4372
902	4372
903	9232
904	904
905	5812
906	1360
907	13120
908	1024
909	2728
910	3076
911	9232
912	912
913	9232
914	9232
915	9232
916	916
917	2752
918	9232
919	9232
920	920
921	9232
922	1384
923	10528
924	9232
925	9232
926	9232
927	15856
928	928
929	9232
930	1396
931	4192
932	9232
933	9232
934	9232
935	9232
936	936
937	250504
938	1408
939	9232
940	9232
941	9232
942	9232
943	9556
944	944
945	2836
946	1600
947	4264
948	948
949	2848
950	3616
951	6424
952	952
953	3220
954	1432
955	4840
956	9232
957	9232
958	9232
959	41524
960	960
961	2884
962	2752
963	4336
964	964
965	2896
966	2176
967	9232
968	9232
969	4912
970	9232
971	4372
972	9232
973	9232
974	9232
975	9880
976	976
977	9232
978	4192
979	4408
980	980
981	2944
982	9232
983	9232
984	984
985	3328
986	1480
987	7504
988	1672
989	2968
990	14308
991	15064
992	9232
993	8080
994	1492
995	4480
996	996
997	2992
998	2248
999	11392
1000	9232
1001	21688
1002	9232
1003	8584
1004	9232
1005	9232
1006	9232
1007	39364
1008	9232
1009	9232
1010	2752
1011	4552
1012	9232
1013	9232
1014	2896
1015	6856
1016	4372
1017	9232
1018	4372
1019	5812
1020	13120
1021	13120
1022	39364
1023	118096
1024	1024
1025	3076
1026	1540
1027	4624
1028	9232
1029	9232
1030	9232
1031	6964
1032	9232
1033	9232
1034	9232
1035	9232
1036	9232
1037	9232
1038	3508
1039	10528
1040	1040
1041	9232
1042	9232
1043	9232
1044	1044
1045	3136
1046	9232
1047	9232
1048	1048
1049	3544
1050	1576
1051	45520
1052	9232
1053	9232
1054	9232
1055	250504
1056	1056
1057	9232
1058	1588
1059	4768
1060	9232
1061	9232
1062	9232
1063	8080
1064	1064
1065	12148
1066	1600
1067	4804
1068	1204
1069	3208
1070	3616
1071	10852
1072	1072
1073	3220
1074	1816
1075	4840
1076	1076
1077	3232
1078	9232
1079	9232
1080	1080
1081	9232
1082	1624
1083	9232
1084	2752
1085	3256
1086	9232
1087	24784
1088	1088
1089	3268
1090	1636
1091	4912
1092	1092
1093	3280
1094	2464
1095	7396
1096	9232
1097	9232
1098	9232
1099	4948
1100	9232
1101	9232
1102	4192
1103	11176
1104	1104
1105	9232
1106	9232
1107	9232
1108	1108
1109	3328
1110	2500
1111	7504
1112	1112
1113	9232
1114	1672
1115	14308
1116	1888
1117	3352
1118	8080
1119	17008
1120	1120
1121	4264
1122	1684
1123	5056
1124	1124
1125	3376
1126	2536
1127	21688
1128	1128
1129	8584
1130	1696
1131	5092
1132	9232
1133	9232
1134	9232
1135	14560
1136	9232
1137	3412
1138	2752
1139	5128
1140	9232
1141	9232
1142	2896
1143	7720
1144	9232
1145	9232
1146	9232
1147	5812
1148	4372
1149	4372
1150	13120
1151	39364
1152	1152
1153	9232
1154	1732
1155	5200
1156	1156
1157	3472
1158	2608
1159	7828
1160	9232
1161	190996
1162	9232
1163	9232
1164	9232
1165	9232
1166	3940
1167	11824
1168	9232
1169	3508
1170	2968
1171	5272
1172	9232
1173	9232
1174	9232
1175	9232
1176	9232
1177	3976
1178	9232
1179	13444
1180	2248
1181	3544
1182	5992
1183	45520
1184	1184
1185	21688
1186	9232
1187	9232
1188	9232
1189	9232
1190	9232
1191	15280
1192	1192
1193	39364
1194	1792
1195	9232
1196	9232
1197	9232
1198	9232
1199	12148
1200	1200
1201	4372
1202	4372
1203	5416
1204	1204
1205	3616
1206	5812
1207	8152
1208	1208
1209	13120
1210	1816
1211	39364
1212	3076
1213	3640
1214	9232
1215	27700
1216	1216
1217	9232
1218	9232
1219	9232
1220	1220
1221	3664
1222	2752
1223	9232
1224	1224
1225	9232
1226	1840
1227	9232
1228	1384
1229	3688
1230	10528
1231	12472
1232	1232
1233	9232
1234	9232
1235	9232
1236	1236
1237	3712
1238	9232
1239	9232
1240	9232
1241	4192
1242	9232
1243	9448
1244	9232
1245	9232
1246	9232
1247	18952
1248	1248
1249	250504
1250	1876
1251	5632
1252	9232
1253	9232
1254	9232
1255	14308
1256	1256
1257	9556
1258	1888
1259	8080
1260	1600
1261	3784
1262	4264
1263	138400
1264	1264
1265	3796
1266	3616
1267	5704
1268	1268
1269	3808
1270	3220
1271	8584
1272	9232
1273	4840
1274	9232
1275	39364
1276	9232
1277	9232
1278	41524
1279	65608
1280	1280
1281	3844
1282	2752
1283	5776
1284	1284
1285	3856
1286	2896
1287	9232
1288	9232
1289	9232
1290	9232
1291	5812
1292	9232
1293	9232
1294	4372
1295	13120
1296	1296
1297	9232
1298	9232
1299	9232
1300	1300
1301	3904
1302	9232
1303	9232
1304	1304
1305	4408
1306	1960
1307	190996
1308	9232
1309	9232
1310	9232
1311	19924
1312	9232
1313	3940
1314	1972
1315	5920
1316	1672
1317	3952
1318	2968
1319	10024
1320	9232
1321	15064
1322	9232
1323	5956
1324	1492
1325	3976
1326	4480
1327	13444
1328	9232
1329	3988
1330	2248
1331	5992
1332	9232
1333	9232
1334	21688
1335	21688
1336	9232
1337	8584
1338	9232
1339	6784
1340	9232
1341	9232
1342	39364
1343	39364
1344	1344
1345	9232
1346	2752
1347	6064
1348	9232
1349	9232
1350	9232
1351	17332
1352	4372
1353	6856
1354	4372
1355	9232
1356	4372
1357	4372
1358	5812
1359	13768
1360	1360
1361	13120
1362	39364
1363	39364
1364	1364
1365	4096
1366	3076
1367	9232
1368	9232
1369	4624
1370	9232
1371	10420
1372	9232
1373	9232
1374	6964
1375	20896
1376	1376
1377	9232
1378	9232
1379	9232
1380	9232
1381	9232
1382	9232
1383	95956
1384	1384
1385	10528
1386	2080
1387	6244
1388	9232
1389	9232
1390	9232
1391	15856
1392	1392
1393	4180
1394	9232
1395	9232
1396	1396
1397	4192
1398	3544
1399	9448
1400	9232
1401	45520
1402	9232
1403	9232
1404	9232
1405	9232
1406	250504
1407	250504
1408	1408
1409	9232
1410	2116
1411	6352
1412	9232
1413	9232
1414	9232
1415	9556
1416	1416
1417	8080
1418	2128
1419	9232
1420	1600
1421	4264
1422	4804
1423	14416
1424	1424
1425	4276
1426	3616
1427	6424
1428	1428
1429	4288
1430	3220
1431	9664
1432	1432
1433	4840
1434	2152
1435	39364
1436	9232
1437	9232
1438	9232
1439	41524
1440	1440
1441	9232
1442	2164
1443	6496
1444	2752
1445	4336
1446	3256
1447	10996
1448	1448
1449	24784
1450	2176
1451	9232
1452	1636
1453	4360
1454	4912
1455	14740
1456	9232
1457	4372
1458	2464
1459	6568
1460	9232
1461	9232
1462	9232
1463	9880
1464	9232
1465	4948
1466	9232
1467	9232
1468	4192
1469	4408
1470	11176
1471	190996
1472	1472
1473	9232
1474	9232
1475	9232
1476	1476
1477	4432
1478	3328
1479	9988
1480	1480
1481	7504
1482	2224
1483	9232
1484	1672
1485	4456
1486	14308
1487	15064
1488	1488
1489	4468
1490	8080
1491	8080
1492	1492
1493	4480
1494	4264
1495	10096
1496	1496
1497	5056
1498	2248
1499	11392
1500	2536
1501	4504
1502	21688
1503	22840
1504	9232
1505	8584
1506	2260
1507	6784
1508	9232
1509	9232
1510	9232
1511	39364
1512	9232
1513	14560
1514	9232
1515	65608
1516	2752
1517	4552
1518	5128
1519	25972
1520	9232
1521	9232
1522	2896
1523	6856
1524	9232
1525	9232
1526	9232
1527	10312
1528	4372
1529	5812
1530	4372
1531	8728
1532	13120
1533	13120
1534	39364
1535	118096
1536	1536
1537	9232
1538	2308
1539	6928
1540	1540
1541	4624
1542	3472
1543	10420
1544	9232
1545	7828
1546	9232
1547	6964
1548	9232
1549	9232
1550	9232
1551	15712
1552	9232
1553	9232
1554	3940
1555	7000
1556	9232
1557	9232
1558	3508
1559	10528
1560	9232
1561	5272
1562	9232
1563	26728
1564	9232
1565	9232
1566	9232
1567	23812
1568	1568
1569	4708
1570	9232
1571	9232
1572	2248
1573	4720
1574	3544
1575	11968
1576	1576
1577	45520
1578	2368
1579	9232
1580	9232
1581	9232
1582	9232
1583	250504
1584	1584
1585	9232
1586	9232
1587	9232
1588	1588
1589	4768
1590	39364
1591	39364
1592	9232
1593	9232
1594	9232
1595	8080
1596	9232
1597	9232
1598	12148
1599	36448
1600	1600
1601	4804
1602	4372
1603	7216
1604	1604
1605	4816
1606	3616
1607	10852
1608	1608
1609	8152
1610	2416
1611	7252
1612	1816
1613	4840
1614	39364
1615	39364
1616	1616
1617	4852
1618	9232
1619	9232
1620	1620
1621	4864
1622	9232
1623	10960
1624	1624
1625	9232
1626	2440
1627	13912
1628	2752
1629	4888
1630	9232
1631	24784
1632	1632
1633	9232
1634	2452
1635	7360
1636	1636
1637	4912
1638	3688
1639	95956
1640	1640
1641	12472
1642	2464
1643	7396
1644	9232
1645	9232
1646	9232
1647	18772
1648	9232
1649	4948
1650	9232
1651	9232
1652	9232
1653	9232
1654	4192
1655	11176
1656	9232
1657	9448
1658	9232
1659	8404
1660	9232
1661	9232
1662	18952
1663	95956
1664	1664
1665	250504
1666	2500
1667	7504
1668	9232
1669	9232
1670	9232
1671	11284
1672	1672
1673	14308
1674	2512
1675	9232
1676	1888
1677	5032
1678	8080
1679	17008
1680	1680
1681	5044
1682	4264
1683	7576
1684	1684
1685	5056
1686	3796
1687	11392
1688	1688
1689	5704
1690	2536
1691	21688
1692	3220
1693	5080
1694	8584
1695	48904
1696	1696
1697	5092
1698	9232
1699	9232
1700	9232
1701	9232
1702	9232
1703	14560
1704	1704
1705	65608
1706	2560
1707	9232
1708	2752
1709	5128
1710	5776
1711	17332
1712	9232
1713	5140
1714	2896
1715	7720
1716	9232
1717	9232
1718	9232
1719	11608
1720	9232
1721	5812
1722	9232
1723	8728
1724	4372
1725	5176
1726	13120
1727	39364
1728	9232
1729	9232
1730	9232
1731	9232
1732	1732
1733	5200
1734	3904
1735	11716
1736	1736
1737	9232
1738	2608
1739	7828
1740	1960
1741	5224
1742	190996
1743	190996
1744	9232
1745	9232
1746	9232
1747	9232
1748	9232
1749	9232
1750	3940
1751	11824
1752	1752
1753	5920
1754	2632
1755	13336
1756	2968
1757	5272
1758	10024
1759	26728
1760	9232
1761	15064
1762	9232
1763	9232
1764	1764
1765	5296
1766	3976
1767	22660
1768	9232
1769	13444
1770	9232
1771	10096
1772	2248
1773	5320
1774	5992
1775	45520
1776	9232
1777	9232
1778	21688
1779	21688
1780	9232
1781	9232
1782	8584
1783	12040
1784	9232
1785	6784
1786	9232
1787	15280
1788	39364
1789	39364
1790	39364
1791	103336
1792	1792
1793	9232
1794	2752
1795	8080
1796	9232
1797	9232
1798	9232
1799	12148
1800	4372
1801	17332
1802	4372
1803	8116
1804	4372
1805	5416
1806	9232
1807	18304
1808	1808
1809	5428
1810	5812
1811	8152
1812	1812
1813	5440
1814	13120
1815	13120
1816	1816
1817	39364
1818	2728
1819	1276936
1820	3076
1821	5464
1822	9232
1823	27700
1824	1824
1825	5476
1826	9232
1827	9232
1828	9232
1829	9232
1830	9232
1831	13912
1832	1832
1833	20896
1834	2752
1835	9232
1836	9232
1837	9232
1838	9232
1839	18628
1840	1840
1841	9232
1842	9232
1843	9232
1844	1844
1845	5536
1846	10528
1847	12472
1848	9232
1849	6244
1850	9232
1851	9376
1852	9232
1853	9232
1854	15856
1855	42280
1856	1856
1857	5572
1858	9232
1859	9232
1860	1860
1861	5584
1862	4192
1863	15928
1864	9232
1865	9448
1866	9232
1867	8404
1868	9232
1869	9232
1870	9232
1871	18952
1872	1872
1873	9232
1874	250504
1875	250504
1876	1876
1877	5632
1878	9232
1879	12688
1880	9232
1881	6352
1882	9232
1883	14308
1884	9232
1885	9232
1886	9556
1887	28672
1888	1888
1889	8080
1890	2836
1891	8512
1892	1892
1893	5680
1894	4264
1895	138400
1896	1896
1897	14416
1898	2848
1899	8548
1900	3616
1901	5704
1902	6424
1903	21688
1904	1904
1905	5716
1906	3220
1907	8584
1908	1908
1909	5728
1910	4840
1911	12904
1912	9232
1913	39364
1914	9232
1915	1276936
1916	9232
1917	9232
1918	41524
1919	65608
1920	1920
1921	9232
1922	2884
1923	8656
1924	2752
1925	5776
1926	4336
1927	13012
1928	1928
1929	10996
1930	2896
1931	9232
1932	2176
1933	5800
1934	9232
1935	19600
1936	9232
1937	5812
1938	4912
1939	8728
1940	9232
1941	9232
1942	4372
1943	13120
1944	9232
1945	6568
1946	9232
1947	22192
1948	9232
1949	9232
1950	9880
1951	33352
1952	1952
1953	5860
1954	9232
1955	9232
1956	4192
1957	5872
1958	4408
1959	80512
1960	1960
1961	190996
1962	2944
1963	9448
1964	9232
1965	9232
1966	9232
1967	19924
1968	1968
1969	5908
1970	3328
1971	8872
1972	1972
1973	5920
1974	7504
1975	13336
1976	1976
1977	9232
1978	2968
1979	10024
1980	14308
1981	14308
1982	15064
1983	50848
1984	9232
1985	5956
1986	8080
1987	8944
1988	1988
1989	5968
1990	4480
1991	13444
1992	1992
1993	10096
1994	2992
1995	8980
1996	2248
1997	5992
1998	11392
1999	20248
2000	9232
2001	6004
2002	21688
2003	21688
2004	9232
2005	9232
2006	8584
2007	13552
2008	9232
2009	6784
2010	9232
2011	15280
2012	9232
2013	9232
2014	39364
2015	39364
2016	9232
2017	14560
2018	9232
2019	9232
2020	2752
2021	6064
2022	4552
2023	23056
2024	9232
2025	25972
2026	9232
2027	17332
2028	2896
2029	6088
2030	6856
2031	34720
2032	4372
2033	9232
2034	9232
2035	9232
2036	4372
2037	6112
2038	5812
2039	13768
2040	13120
2041	8728
2042	13120
2043	44224
2044	39364
2045	39364
2046	118096
2047	1276936
2048	2048
2049	9232
2050	3076
2051	9232
2052	2052
2053	6160
2054	4624
2055	13876
2056	9232
2057	10420
2058	9232
2059	9268
2060	9232
2061	9232
2062	6964
2063	20896
2064	9232
2065	9232
2066	9232
2067	9304
2068	9232
2069	9232
2070	9232
2071	13984
2072	9232
2073	7000
2074	9232
2075	95956
2076	3508
2077	6232
2078	10528
2079	31588
2080	2080
2081	6244
2082	9232
2083	9376
2084	9232
2085	9232
2086	9232
2087	15856
2088	2088
2089	23812
2090	3136
2091	9412
2092	9232
2093	9232
2094	9232
2095	21220
2096	2096
2097	6292
2098	3544
2099	9448
2100	2100
2101	6304
2102	45520
2103	45520
2104	9232
2105	9232
2106	9232
2107	21688
2108	9232
2109	9232
2110	250504
2111	250504
2112	2112
2113	9232
2114	9232
2115	9520
2116	2116
2117	6352
2118	4768
2119	14308
2120	9232
2121	39364
2122	9232
2123	9556
2124	9232
2125	9232
2126	8080
2127	21544
2128	2128
2129	9232
2130	12148
2131	12148
2132	2132
2133	6400
2134	4804
2135	14416
2136	2136
2137	7216
2138	3208
2139	61720
2140	3616
2141	6424
2142	10852
2143	32560
2144	2144
2145	8152
2146	3220
2147	9664
2148	2148
2149	6448
2150	4840
2151	176740
2152	2152
2153	39364
2154	3232
2155	1276936
2156	9232
2157	9232
2158	9232
2159	41524
2160	2160
2161	6484
2162	9232
2163	9736
2164	2164
2165	6496
2166	9232
2167	14632
2168	2752
2169	13912
2170	3256
2171	10996
2172	9232
2173	9232
2174	24784
2175	74356
2176	2176
2177	9232
2178	3268
2179	9808
2180	2180
2181	6544
2182	4912
2183	14740
2184	2184
2185	95956
2186	3280
2187	10528
2188	2464
2189	6568
2190	7396
2191	22192
2192	9232
2193	9232
2194	9232
2195	9880
2196	9232
2197	9232
2198	4948
2199	14848
2200	9232
2201	9232
2202	9232
2203	25108
2204	4192
2205	6616
2206	11176
2207	190996
2208	2208
2209	9448
2210	9232
2211	9952
2212	9232
2213	9232
2214	9232
2215	345544
2216	2216
2217	95956
2218	3328
2219	9988
2220	2500
2221	6664
2222	7504
2223	250504
2224	2224
2225	9232
2226	9232
2227	10024
2228	2228
2229	6688
2230	14308
2231	15064
2232	2232
2233	9232
2234	3352
2235	11320
2236	8080
2237	8080
2238	17008
2239	51028
2240	2240
2241	6724
2242	4264
2243	10096
2244	2244
2245	6736
2246	5056
2247	15172
2248	2248
2249	11392
2250	3376
2251	10132
2252	2536
2253	6760
2254	21688
2255	22840
2256	2256
2257	6772
2258	8584
2259	10168
2260	2260
2261	6784
2262	5092
2263	15280
2264	9232
2265	9232
2266	9232
2267	39364
2268	9232
2269	9232
2270	14560
2271	34504
2272	9232
2273	65608
2274	3412
2275	10240
2276	2752
2277	6832
2278	5128
2279	25972
2280	9232
2281	17332
2282	9232
2283	13012
2284	2896
2285	6856
2286	7720
2287	250504
2288	9232
2289	9232
2290	9232
2291	10312
2292	9232
2293	9232
2294	5812
2295	15496
2296	4372
2297	8728
2298	4372
2299	44224
2300	13120
2301	13120
2302	39364
2303	118096
2304	2304
2305	9232
2306	9232
2307	10384
2308	2308
2309	6928
2310	5200
2311	15604
2312	2312
2313	11716
2314	3472
2315	10420
2316	2608
2317	6952
2318	7828
2319	23488
2320	9232
2321	6964
2322	190996
2323	190996
2324	9232
2325	9232
2326	9232
2327	15712
2328	9232
2329	9232
2330	9232
2331	59776
2332	3940
2333	7000
2334	11824
2335	95956
2336	9232
2337	7012
2338	3508
2339	10528
2340	2968
2341	7024
2342	5272
2343	17800
2344	9232
2345	26728
2346	9232
2347	14308
2348	9232
2349	9232
2350	9232
2351	23812
2352	9232
2353	7060
2354	3976
2355	10600
2356	9232
2357	9232
2358	13444
2359	15928
2360	2360
2361	10096
2362	3544
2363	11968
2364	5992
2365	7096
2366	45520
2367	53944
2368	2368
2369	9232
2370	21688
2371	21688
2372	9232
2373	9232
2374	9232
2375	250504
2376	9232
2377	12040
2378	9232
2379	10708
2380	9232
2381	9232
2382	15280
2383	24136
2384	2384
2385	39364
2386	39364
2387	39364
2388	2388
2389	7168
2390	9232
2391	16144
2392	9232
2393	8080
2394	9232
2395	18196
2396	9232
2397	9232
2398	12148
2399	36448
2400	2400
2401	17332
2402	4372
2403	10816
2404	4372
2405	7216
2406	5416
2407	61720
2408	2408
2409	18304
2410	3616
2411	10852
2412	5812
2413	7240
2414	8152
2415	27520
2416	2416
2417	7252
2418	13120
2419	13120
2420	2420
2421	7264
2422	39364
2423	39364
2424	3076
2425	1276936
2426	3640
2427	12292
2428	9232
2429	9232
2430	27700
2431	83104
2432	2432
2433	7300
2434	9232
2435	10960
2436	9232
2437	9232
2438	9232
2439	16468
2440	2440
2441	13912
2442	3664
2443	10996
2444	2752
2445	7336
2446	9232
2447	24784
2448	2448
2449	9232
2450	9232
2451	11032
2452	2452
2453	7360
2454	9232
2455	16576
2456	2456
2457	9232
2458	3688
2459	95956
2460	10528
2461	10528
2462	12472
2463	250504
2464	2464
2465	7396
2466	9232
2467	11104
2468	9232
2469	9232
2470	9232
2471	18772
2472	2472
2473	42280
2474	3712
2475	23812
2476	9232
2477	9232
2478	9232
2479	25108
2480	9232
2481	7444
2482	4192
2483	11176
2484	9232
2485	9232
2486	9448
2487	16792
2488	9232
2489	8404
2490	9232
2491	45520
2492	9232
2493	9232
2494	18952
2495	95956
2496	2496
2497	9232
2498	250504
2499	250504
2500	2500
2501	7504
2502	5632
2503	16900
2504	9232
2505	12688
2506	9232
2507	11284
2508	9232
2509	9232
2510	14308
2511	25432
2512	2512
2513	9232
2514	9556
2515	11320
2516	2516
2517	7552
2518	8080
2519	17008
2520	2520
2521	8512
2522	3784
2523	19168
2524	4264
2525	7576
2526	138400
2527	138400
2528	2528
2529	14416
2530	3796
2531	11392
2532	3616
2533	7600
2534	5704
2535	61720
2536	2536
2537	21688
2538	3808
2539	32560
2540	3220
2541	7624
2542	8584
2543	48904
2544	9232
2545	7636
2546	4840
2547	11464
2548	9232
2549	9232
2550	39364
2551	39364
2552	9232
2553	1276936
2554	9232
2555	14560
2556	41524
2557	41524
2558	65608
2559	897856
2560	2560
2561	9232
2562	3844
2563	11536
2564	2752
2565	7696
2566	5776
2567	17332
2568	2568
2569	13012
2570	3856
2571	11572
2572	2896
2573	7720
2574	9232
2575	26080
2576	9232
2577	7732
2578	9232
2579	11608
2580	9232
2581	9232
2582	5812
2583	17440
2584	9232
2585	8728
2586	9232
2587	44224
2588	4372
2589	7768
2590	13120
2591	39364
2592	2592
2593	7780
2594	9232
2595	11680
2596	9232
2597	9232
2598	9232
2599	19744
2600	2600
2601	33352
2602	3904
2603	11716
2604	9232
2605	9232
2606	9232
2607	33424
2608	2608
2609	7828
2610	4408
2611	11752
2612	2612
2613	7840
2614	190996
2615	190996
2616	9232
2617	9448
2618	9232
2619	13264
2620	9232
2621	9232
2622	19924
2623	59776
2624	9232
2625	7876
2626	3940
2627	11824
2628	2628
2629	7888
2630	5920
2631	250504
2632	2632
2633	13336
2634	3952
2635	11860
2636	2968
2637	7912
2638	10024
2639	26728
2640	9232
2641	14308
2642	15064
2643	15064
2644	9232
2645	9232
2646	5956
2647	17872
2648	2648
2649	8944
2650	3976
2651	22660
2652	4480
2653	7960
2654	13444
2655	40336
2656	9232
2657	10096
2658	3988
2659	11968
2660	2660
2661	7984
2662	5992
2663	45520
2664	9232
2665	20248
2666	9232
2667	12004
2668	21688
2669	21688
2670	21688
2671	30436
2672	9232
2673	9232
2674	8584
2675	12040
2676	9232
2677	9232
2678	6784
2679	18088
2680	9232
2681	15280
2682	9232
2683	13588
2684	39364
2685	39364
2686	39364
2687	103336
2688	2688
2689	14560
2690	9232
2691	12112
2692	2752
2693	8080
2694	6064
2695	18196
2696	9232
2697	23056
2698	9232
2699	12148
2700	9232
2701	9232
2702	17332
2703	27376
2704	4372
2705	8116
2706	6856
2707	12184
2708	4372
2709	8128
2710	9232
2711	18304
2712	4372
2713	9232
2714	4372
2715	223072
2716	5812
2717	8152
2718	13768
2719	69712
2720	2720
2721	8728
2722	13120
2723	13120
2724	39364
2725	39364
2726	39364
2727	95956
2728	2728
2729	1276936
2730	4096
2731	12292
2732	3076
2733	8200
2734	9232
2735	27700
2736	9232
2737	8212
2738	4624
2739	12328
2740	9232
2741	9232
2742	10420
2743	18520
2744	9232
2745	9268
2746	9232
2747	13912
2748	6964
2749	8248
2750	20896
2751	225988
2752	2752
2753	9232
2754	9232
2755	12400
2756	9232
2757	9232
2758	9232
2759	18628
2760	9232
2761	13984
2762	9232
2763	12436
2764	9232
2765	9232
2766	95956
2767	95956
2768	2768
2769	8308
2770	10528
2771	12472
2772	2772
2773	8320
2774	6244
2775	18736
2776	9232
2777	9376
2778	9232
2779	26728
2780	9232
2781	9232
2782	15856
2783	42280
2784	2784
2785	23812
2786	4180
2787	12544
2788	9232
2789	9232
2790	9232
2791	80512
2792	2792
2793	21220
2794	4192
2795	15928
2796	3544
2797	8392
2798	9448
2799	71764
2800	9232
2801	8404
2802	45520
2803	45520
2804	9232
2805	9232
2806	9232
2807	18952
2808	9232
2809	21688
2810	9232
2811	40552
2812	250504
2813	250504
2814	250504
2815	144340
2816	2816
2817	9232
2818	9232
2819	12688
2820	2820
2821	8464
2822	6352
2823	19060
2824	9232
2825	14308
2826	9232
2827	39364
2828	9232
2829	9232
2830	9556
2831	28672
2832	2832
2833	9232
2834	8080
2835	12760
2836	2836
2837	8512
2838	9232
2839	19168
2840	2840
2841	12148
2842	4264
2843	138400
2844	4804
2845	8536
2846	14416
2847	43252
2848	2848
2849	8548
2850	4276
2851	12832
2852	3616
2853	8560
2854	6424
2855	21688
2856	2856
2857	32560
2858	4288
2859	12868
2860	3220
2861	8584
2862	9664
2863	28996
2864	2864
2865	8596
2866	4840
2867	12904
2868	2868
2869	8608
2870	39364
2871	39364
2872	9232
2873	1276936
2874	9232
2875	14560
2876	9232
2877	9232
2878	41524
2879	65608
2880	2880
2881	8644
2882	9232
2883	12976
2884	2884
2885	8656
2886	6496
2887	24676
2888	2888
2889	14632
2890	4336
2891	13012
2892	3256
2893	8680
2894	10996
2895	29320
2896	2896
2897	9232
2898	24784
2899	24784
2900	2900
2901	8704
2902	9232
2903	19600
2904	2904
2905	9808
2906	4360
2907	22084
2908	4912
2909	8728
2910	14740
2911	44224
2912	9232
2913	95956
2914	4372
2915	13120
2916	2916
2917	8752
2918	6568
2919	250504
2920	9232
2921	22192
2922	9232
2923	13156
2924	9232
2925	9232
2926	9880
2927	33352
2928	9232
2929	9232
2930	4948
2931	13192
2932	9232
2933	9232
2934	9232
2935	19816
2936	4192
2937	25108
2938	4408
2939	80512
2940	11176
2941	11176
2942	190996
2943	190996
2944	2944
2945	9448
2946	9232
2947	13264
2948	9232
2949	9232
2950	9232
2951	19924
2952	2952
2953	345544
2954	4432
2955	18952
2956	3328
2957	8872
2958	9988
2959	29968
2960	2960
2961	8884
2962	7504
2963	13336
2964	2964
2965	8896
2966	9232
2967	20032
2968	2968
2969	10024
2970	4456
2971	33856
2972	14308
2973	14308
2974	15064
2975	50848
2976	2976
2977	9232
2978	4468
2979	13408
2980	8080
2981	8944
2982	8080
2983	22660
2984	2984
2985	51028
2986	4480
2987	13444
2988	4264
2989	8968
2990	10096
2991	30292
2992	2992
2993	8980
2994	5056
2995	13480
2996	2996
2997	8992
2998	11392
2999	20248
3000	3000
3001	10132
3002	4504
3003	15208
3004	21688
3005	21688
3006	22840
3007	250504
3008	9232
3009	9028
3010	8584
3011	13552
3012	3012
3013	9040
3014	6784
3015	28996
3016	9232
3017	15280
3018	9232
3019	13588
3020	9232
3021	9232
3022	39364
3023	39364
3024	9232
3025	9232
3026	14560
3027	14560
3028	9232
3029	9232
3030	65608
3031	65608
3032	3032
3033	10240
3034	4552
3035	23056
3036	5128
3037	9112
3038	25972
3039	46168
3040	9232
3041	17332
3042	9232
3043	13696
3044	3044
3045	9136
3046	6856
3047	34720
3048	9232
3049	250504
3050	9232
3051	26080
3052	9232
3053	9232
3054	10312
3055	223072
3056	4372
3057	9232
3058	5812
3059	13768
3060	4372
3061	9184
3062	8728
3063	20680
3064	13120
3065	44224
3066	13120
3067	17476
3068	39364
3069	39364
3070	118096
3071	1276936
3072	3072
3073	9232
3074	9232
3075	13840
3076	3076
3077	9232
3078	6928
3079	20788
3080	3080
3081	15604
3082	4624
3083	13876
3084	3472
3085	9256
3086	10420
3087	31264
3088	9232
3089	9268
3090	7828
3091	13912
3092	9232
3093	9280
3094	6964
3095	20896
3096	9232
3097	190996
3098	9232
3099	67048
3100	9232
3101	9304
3102	15712
3103	59668
3104	9232
3105	9316
3106	9232
3107	13984
3108	3940
3109	9328
3110	7000
3111	23632
3112	9232
3113	95956
3114	9232
3115	14020
3116	3508
3117	9352
3118	10528
3119	31588
3120	9232
3121	9364
3122	5272
3123	14056
3124	9232
3125	9376
3126	26728
3127	26728
3128	9232
3129	14308
3130	9232
3131	15856
3132	9232
3133	9400
3134	23812
3135	71440
3136	3136
3137	9412
3138	4708
3139	14128
3140	9232
3141	9424
3142	9232
3143	21220
3144	3144
3145	15928
3146	4720
3147	14164
3148	3544
3149	9448
3150	11968
3151	31912
3152	3152
3153	9460
3154	45520
3155	45520
3156	3156
3157	9472
3158	9232
3159	21328
3160	9232
3161	21688
3162	9232
3163	40552
3164	9232
3165	9496
3166	250504
3167	250504
3168	3168
3169	12040
3170	9232
3171	14272
3172	9232
3173	9520
3174	9232
3175	695464
3176	3176
3177	24136
3178	4768
3179	14308
3180	39364
3181	39364
3182	39364
3183	40804
3184	9232
3185	9556
3186	9232
3187	14344
3188	9232
3189	9568
3190	8080
3191	21544
3192	9232
3193	18196
3194	9232
3195	16180
3196	12148
3197	12148
3198	36448
3199	138400
3200	3200
3201	17332
3202	4804
3203	14416
3204	4372
3205	9616
3206	7216
3207	21652
3208	3208
3209	61720
3210	4816
3211	14452
3212	3616
3213	9640
3214	10852
3215	32560
3216	3216
3217	9652
3218	8152
3219	14488
3220	3220
3221	9664
3222	7252
3223	21760
3224	3224
3225	13120
3226	4840
3227	176740
3228	39364
3229	39364
3230	39364
3231	209680
3232	3232
3233	1276936
3234	4852
3235	14560
3236	9232
3237	9712
3238	9232
3239	41524
3240	3240
3241	83104
3242	4864
3243	14596
3244	9232
3245	9736
3246	10960
3247	32884
3248	3248
3249	9748
3250	9232
3251	14632
3252	3252
3253	9760
3254	13912
3255	21976
3256	3256
3257	10996
3258	4888
3259	20896
3260	9232
3261	9784
3262	24784
3263	74356
3264	3264
3265	9796
3266	9232
3267	14704
3268	3268
3269	9808
3270	7360
3271	22084
3272	3272
3273	16576
3274	4912
3275	14740
3276	3688
3277	9832
3278	95956
3279	95956
3280	3280
3281	10528
3282	12472
3283	14776
3284	3284
3285	9856
3286	7396
3287	22192
3288	9232
3289	11104
3290	9232
3291	25000
3292	9232
3293	9880
3294	18772
3295	50056
3296	9232
3297	42280
3298	4948
3299	14848
3300	9232
3301	9904
3302	9232
3303	37636
3304	9232
3305	25108
3306	9232
3307	80512
3308	4192
3309	9928
3310	11176
3311	190996
3312	9232
3313	9940
3314	9448
3315	14920
3316	9232
3317	9952
3318	8404
3319	22408
3320	9232
3321	45520
3322	9232
3323	345544
3324	18952
3325	18952
3326	95956
3327	170584
3328	3328
3329	9988
3330	250504
3331	250504
3332	3332
3333	10000
3334	7504
3335	250504
3336	9232
3337	16900
3338	9232
3339	15028
3340	9232
3341	10024
3342	11284
3343	33856
3344	3344
3345	10036
3346	14308
3347	15064
3348	3348
3349	10048
3350	9232
3351	22624
3352	3352
3353	11320
3354	5032
3355	86020
3356	8080
3357	10072
3358	17008
3359	51028
3360	3360
3361	10084
3362	5044
3363	15136
3364	4264
3365	10096
3366	7576
3367	25576
3368	3368
3369	138400
3370	5056
3371	15172
3372	3796
3373	10120
3374	11392
3375	34180
3376	3376
3377	10132
3378	5704
3379	15208
3380	3380
3381	10144
3382	21688
3383	22840
3384	3384
3385	32560
3386	5080
3387	17152
3388	8584
3389	10168
3390	48904
3391	77272
3392	3392
3393	10180
3394	5092
3395	15280
3396	9232
3397	10192
3398	9232
3399	176740
3400	9232
3401	39364
3402	9232
3403	15316
3404	9232
3405	10216
3406	14560
3407	34504
3408	3408
3409	41524
3410	65608
3411	65608
3412	3412
3413	10240
3414	9232
3415	23056
3416	3416
3417	11536
3418	5128
3419	25972
3420	5776
3421	10264
3422	17332
3423	52000
3424	9232
3425	13012
3426	5140
3427	15424
3428	3428
3429	10288
3430	7720
3431	250504
3432	9232
3433	26080
3434	9232
3435	24784
3436	9232
3437	10312
3438	11608
3439	39184
3440	9232
3441	10324
3442	5812
3443	15496
3444	9232
3445	10336
3446	8728
3447	23272
3448	4372
3449	44224
3450	5176
3451	17476
3452	13120
3453	13120
3454	39364
3455	118096
3456	9232
3457	10372
3458	9232
3459	15568
3460	9232
3461	10384
3462	9232
3463	23380
3464	3464
3465	19744
3466	5200
3467	15604
3468	3904
3469	10408
3470	11716
3471	35152
3472	3472
3473	10420
3474	9232
3475	15640
3476	3476
3477	10432
3478	7828
3479	23488
3480	3480
3481	11752
3482	5224
3483	80512
3484	190996
3485	190996
3486	190996
3487	67048
3488	9232
3489	10468
3490	9232
3491	15712
3492	9232
3493	10480
3494	9232
3495	26548
3496	9232
3497	59776
3498	9232
3499	345544
3500	3940
3501	10504
3502	11824
3503	95956
3504	3504
3505	10516
3506	5920
3507	15784
3508	3508
3509	10528
3510	13336
3511	23704
3512	3512
3513	11860
3514	5272
3515	17800
3516	10024
3517	10552
3518	26728
3519	202984
3520	9232
3521	14308
3522	15064
3523	15856
3524	9232
3525	10576
3526	9232
3527	23812
3528	3528
3529	17872
3530	5296
3531	15892
3532	3976
3533	10600
3534	22660
3535	35800
3536	9232
3537	10612
3538	13444
3539	15928
3540	9232
3541	10624
3542	10096
3543	23920
3544	3544
3545	11968
3546	5320
3547	26944
3548	5992
3549	10648
3550	45520
3551	53944
3552	9232
3553	20248
3554	9232
3555	16000
3556	21688
3557	21688
3558	21688
3559	40552
3560	9232
3561	30436
3562	9232
3563	250504
3564	8584
3565	10696
3566	12040
3567	146500
3568	9232
3569	10708
3570	6784
3571	16072
3572	9232
3573	10720
3574	15280
3575	24136
3576	39364
3577	13588
3578	39364
3579	20392
3580	39364
3581	39364
3582	103336
3583	275560
3584	3584
3585	14560
3586	9232
3587	16144
3588	3588
3589	10768
3590	8080
3591	65608
3592	9232
3593	18196
3594	9232
3595	16180
3596	9232
3597	10792
3598	12148
3599	36448
3600	4372
3601	10804
3602	17332
3603	17332
3604	4372
3605	10816
3606	8116
3607	24352
3608	4372
3609	12184
3610	5416
3611	61720
3612	9232
3613	10840
3614	18304
3615	54916
3616	3616
3617	10852
3618	5428
3619	16288
3620	5812
3621	10864
3622	8152
3623	27520
3624	3624
3625	69712
3626	5440
3627	16324
3628	13120
3629	13120
3630	13120
3631	176740
3632	3632
3633	39364
3634	39364
3635	39364
3636	3636
3637	10912
3638	1276936
3639	1276936
3640	3640
3641	12292
3642	5464
3643	18448
3644	9232
3645	10936
3646	27700
3647	83104
3648	3648
3649	10948
3650	5476
3651	16432
3652	9232
3653	10960
3654	9232
3655	24676
3656	9232
3657	18520
3658	9232
3659	16468
3660	9232
3661	10984
3662	13912
3663	37096
3664	3664
3665	10996
3666	20896
3667	20896
3668	3668
3669	11008
3670	9232
3671	24784
3672	9232
3673	12400
3674	9232
3675	31408
3676	9232
3677	11032
3678	18628
3679	55888
3680	3680
3681	13984
3682	9232
3683	16576
3684	9232
3685	11056
3686	9232
3687	63016
3688	3688
3689	95956
3690	5536
3691	16612
3692	10528
3693	11080
3694	12472
3695	250504
3696	9232
3697	11092
3698	6244
3699	16648
3700	9232
3701	11104
3702	9376
3703	25000
3704	9232
3705	26728
3706	9232
3707	18772
3708	15856
3709	15856
3710	42280
3711	481624
3712	3712
3713	23812
3714	5572
3715	16720
3716	9232
3717	11152
3718	9232
3719	25108
3720	3720
3721	80512
3722	5584
3723	16756
3724	4192
3725	11176
3726	15928
3727	37744
3728	9232
3729	11188
3730	9448
3731	16792
3732	9232
3733	11200
3734	8404
3735	25216
3736	9232
3737	45520
3738	9232
3739	345544
3740	9232
3741	11224
3742	18952
3743	95956
3744	3744
3745	21688
3746	9232
3747	16864
3748	250504
3749	250504
3750	250504
3751	32056
3752	3752
3753	144340
3754	5632
3755	16900
3756	9232
3757	11272
3758	12688
3759	38068
3760	9232
3761	11284
3762	6352
3763	16936
3764	9232
3765	11296
3766	14308
3767	25432
3768	9232
3769	39364
3770	9232
3771	39364
3772	9556
3773	11320
3774	28672
3775	86020
3776	3776
3777	11332
3778	8080
3779	17008
3780	3780
3781	11344
3782	8512
3783	25540
3784	3784
3785	19168
3786	5680
3787	17044
3788	4264
3789	11368
3790	138400
3791	138400
3792	3792
3793	11380
3794	14416
3795	17080
3796	3796
3797	11392
3798	8548
3799	25648
3800	3800
3801	12832
3802	5704
3803	61720
3804	6424
3805	11416
3806	21688
3807	57832
3808	3808
3809	32560
3810	5716
3811	17152
3812	3812
3813	11440
3814	8584
3815	48904
3816	3816
3817	28996
3818	5728
3819	21760
3820	4840
3821	11464
3822	12904
3823	98008
3824	9232
3825	11476
3826	39364
3827	39364
3828	9232
3829	11488
3830	1276936
3831	1276936
3832	9232
3833	14560
3834	9232
3835	32776
3836	41524
3837	41524
3838	65608
3839	897856
3840	3840
3841	11524
3842	9232
3843	17296
3844	3844
3845	11536
3846	8656
3847	25972
3848	3848
3849	24676
3850	5776
3851	17332
3852	4336
3853	11560
3854	13012
3855	39040
3856	3856
3857	11572
3858	10996
3859	17368
3860	3860
3861	11584
3862	9232
3863	26080
3864	3864
3865	24784
3866	5800
3867	223072
3868	9232
3869	11608
3870	19600
3871	58804
3872	9232
3873	11620
3874	5812
3875	17440
3876	4912
3877	11632
3878	8728
3879	29464
3880	9232
3881	44224
3882	9232
3883	17476
3884	4372
3885	11656
3886	13120
3887	39364
3888	9232
3889	11668
3890	6568
3891	17512
3892	9232
3893	11680
3894	22192
3895	26296
3896	9232
3897	13156
3898	9232
3899	19744
3900	9880
3901	11704
3902	33352
3903	88936
3904	3904
3905	11716
3906	5860
3907	17584
3908	9232
3909	11728
3910	9232
3911	33424
3912	4192
3913	19816
3914	5872
3915	17620
3916	4408
3917	11752
3918	80512
3919	80512
3920	3920
3921	11764
3922	190996
3923	190996
3924	3924
3925	11776
3926	9448
3927	26512
3928	9232
3929	13264
3930	9232
3931	85048
3932	9232
3933	11800
3934	19924
3935	59776
3936	3936
3937	345544
3938	5908
3939	17728
3940	3940
3941	11824
3942	8872
3943	575728
3944	3944
3945	29968
3946	5920
3947	250504
3948	7504
3949	11848
3950	13336
3951	45016
3952	3952
3953	11860
3954	9232
3955	17800
3956	3956
3957	11872
3958	10024
3959	26728
3960	14308
3961	33856
3962	14308
3963	20068
3964	15064
3965	15064
3966	50848
3967	135592
3968	9232
3969	11908
3970	5956
3971	17872
3972	8080
3973	11920
3974	8944
3975	26836
3976	3976
3977	22660
3978	5968
3979	17908
3980	4480
3981	11944
3982	13444
3983	40336
3984	3984
3985	11956
3986	10096
3987	17944
3988	3988
3989	11968
3990	8980
3991	26944
3992	3992
3993	13480
3994	5992
3995	45520
3996	11392
3997	11992
3998	20248
3999	129760
4000	9232
4001	12004
4002	6004
4003	18016
4004	21688
4005	21688
4006	21688
4007	30436
4008	9232
4009	250504
4010	9232
4011	32560
4012	8584
4013	12040
4014	13552
4015	40660
4016	9232
4017	12052
4018	6784
4019	18088
4020	9232
4021	12064
4022	15280
4023	27160
4024	9232
4025	13588
4026	9232
4027	20392
4028	39364
4029	39364
4030	39364
4031	103336
4032	9232
4033	12100
4034	14560
4035	18160
4036	9232
4037	12112
4038	9232
4039	32776
4040	4040
4041	65608
4042	6064
4043	18196
4044	4552
4045	12136
4046	23056
4047	40984
4048	9232
4049	12148
4050	25972
4051	25972
4052	9232
4053	12160
4054	17332
4055	27376
4056	4056
4057	13696
4058	6088
4059	30832
4060	6856
4061	12184
4062	34720
4063	61720
4064	4372
4065	250504
4066	9232
4067	18304
4068	9232
4069	12208
4070	9232
4071	46384
4072	4372
4073	223072
4074	6112
4075	39184
4076	5812
4077	12232
4078	13768
4079	69712
4080	13120
4081	12244
4082	8728
4083	18376
4084	13120
4085	13120
4086	44224
4087	44224
4088	39364
4089	17476
4090	39364
4091	95956
4092	118096
4093	118096
4094	1276936
4095	1276936
4096	4096
4097	12292
4098	9232
4099	18448
4100	4100
4101	12304
4102	9232
4103	27700
4104	4104
4105	20788
4106	6160
4107	18484
4108	4624
4109	12328
4110	13876
4111	41632
4112	9232
4113	12340
4114	10420
4115	18520
4116	9232
4117	12352
4118	9268
4119	27808
4120	9232
4121	13912
4122	9232
4123	70468
4124	6964
4125	12376
4126	20896
4127	225988
4128	9232
4129	190996
4130	9232
4131	18592
4132	9232
4133	12400
4134	9304
4135	31408
4136	9232
4137	59668
4138	9232
4139	18628
4140	9232
4141	12424
4142	13984
4143	41956
4144	9232
4145	12436
4146	7000
4147	18664
4148	9232
4149	12448
4150	95956
4151	95956
4152	4152
4153	14020
4154	6232
4155	21040
4156	10528
4157	12472
4158	31588
4159	94768
4160	4160
4161	12484
4162	6244
4163	18736
4164	9232
4165	12496
4166	9376
4167	60100
4168	9232
4169	26728
4170	9232
4171	18772
4172	9232
4173	12520
4174	15856
4175	42280
4176	4176
4177	12532
4178	23812
4179	23812
4180	4180
4181	12544
4182	9412
4183	28240
4184	9232
4185	14128
4186	9232
4187	80512
4188	9232
4189	12568
4190	21220
4191	63664
4192	4192
4193	15928
4194	6292
4195	18880
4196	4196
4197	12592
4198	9448
4199	71764
4200	4200
4201	31912
4202	6304
4203	26944
4204	45520
4205	45520
4206	45520
4207	345544
4208	9232
4209	12628
4210	9232
4211	18952
4212	9232
4213	12640
4214	21688
4215	28456
4216	9232
4217	40552
4218	9232
4219	21688
4220	250504
4221	250504
4222	250504
4223	144340
4224	4224
4225	12676
4226	9232
4227	19024
4228	9232
4229	12688
4230	9520
4231	28564
4232	4232
4233	695464
4234	6352
4235	19060
4236	4768
4237	12712
4238	14308
4239	42928
4240	9232
4241	39364
4242	39364
4243	39364
4244	9232
4245	12736
4246	9556
4247	28672
4248	9232
4249	14344
4250	9232
4251	48436
4252	8080
4253	12760
4254	21544
4255	6810136
4256	4256
4257	18196
4258	9232
4259	19168
4260	12148
4261	12784
4262	12148
4263	599056
4264	4264
4265	138400
4266	6400
4267	19204
4268	4804
4269	12808
4270	14416
4271	43252
4272	4272
4273	12820
4274	7216
4275	19240
4276	4276
4277	12832
4278	61720
4279	61720
4280	4280
4281	14452
4282	6424
4283	21688
4284	10852
4285	12856
4286	32560
4287	97684
4288	4288
4289	12868
4290	8152
4291	19312
4292	4292
4293	12880
4294	9664
4295	28996
4296	4296
4297	21760
4298	6448
4299	19348
4300	4840
4301	12904
4302	176740
4303	176740
4304	4304
4305	39364
4306	39364
4307	39364
4308	4308
4309	12928
4310	1276936
4311	1276936
4312	9232
4313	14560
4314	9232
4315	32776
4316	9232
4317	12952
4318	41524
4319	65608
4320	4320
4321	83104
4322	6484
4323	19456
4324	9232
4325	12976
4326	9736
4327	49300
4328	4328
4329	32884
4330	6496
4331	24676
4332	9232
4333	13000
4334	14632
4335	166696
4336	4336
4337	13012
4338	13912
4339	19528
4340	4340
4341	13024
4342	10996
4343	29320
4344	9232
4345	20896
4346	9232
4347	225988
4348	24784
4349	24784
4350	74356
4351	223072
4352	4352
4353	13060
4354	9232
4355	19600
4356	4356
4357	13072
4358	9808
4359	29428
4360	4360
4361	22084
4362	6544
4363	19636
4364	4912
4365	13096
4366	14740
4367	44224
4368	4368
4369	13108
4370	95956
4371	95956
4372	4372
4373	13120
4374	10528
4375	29536
4376	4376
4377	14776
4378	6568
4379	250504
4380	7396
4381	13144
4382	22192
4383	66580
4384	9232
4385	13156
4386	9232
4387	19744
4388	9232
4389	13168
4390	9880
4391	33352
4392	9232
4393	50056
4394	9232
4395	19780
4396	4948
4397	13192
4398	14848
4399	67768
4400	9232
4401	13204
4402	9232
4403	19816
4404	9232
4405	13216
4406	25108
4407	29752
4408	4408
4409	80512
4410	6616
4411	22336
4412	11176
4413	13240
4414	190996
4415	190996
4416	4416
4417	13252
4418	9448
4419	19888
4420	9232
4421	13264
4422	9952
4423	85048
4424	9232
4425	22408
4426	9232
4427	19924
4428	9232
4429	13288
4430	345544
4431	345544
4432	4432
4433	18952
4434	95956
4435	95956
4436	4436
4437	13312
4438	9988
4439	29968
4440	4440
4441	250504
4442	6664
4443	33748
4444	7504
4445	13336
4446	250504
4447	250504
4448	4448
4449	16900
4450	9232
4451	20032
4452	9232
4453	13360
4454	10024
4455	114208
4456	4456
4457	33856
4458	6688
4459	20068
4460	14308
4461	14308
4462	15064
4463	50848
4464	4464
4465	13396
4466	9232
4467	20104
4468	4468
4469	13408
4470	11320
4471	30184
4472	8080
4473	86020
4474	8080
4475	22660
4476	17008
4477	17008
4478	51028
4479	153088
4480	4480
4481	13444
4482	6724
4483	20176
4484	4484
4485	13456
4486	10096
4487	30292
4488	4488
4489	25576
4490	6736
4491	138400
4492	5056
4493	13480
4494	15172
4495	45520
4496	4496
4497	13492
4498	11392
4499	20248
4500	4500
4501	13504
4502	10132
4503	30400
4504	4504
4505	15208
4506	6760
4507	61720
4508	21688
4509	21688
4510	22840
4511	250504
4512	4512
4513	32560
4514	6772
4515	20320
4516	8584
4517	13552
4518	10168
4519	34324
4520	4520
4521	77272
4522	6784
4523	28996
4524	5092
4525	13576
4526	15280
4527	45844
4528	9232
4529	13588
4530	9232
4531	20392
4532	9232
4533	13600
4534	39364
4535	39364
4536	9232
4537	15316
4538	9232
4539	1276936
4540	14560
4541	14560
4542	34504
4543	1276936
4544	9232
4545	41524
4546	65608
4547	65608
4548	4548
4549	13648
4550	10240
4551	83104
4552	4552
4553	23056
4554	6832
4555	20500
4556	5128
4557	13672
4558	25972
4559	46168
4560	9232
4561	13684
4562	17332
4563	20536
4564	9232
4565	13696
4566	13012
4567	30832
4568	4568
4569	15424
4570	6856
4571	34720
4572	7720
4573	13720
4574	250504
4575	250504
4576	9232
4577	26080
4578	9232
4579	20608
4580	9232
4581	13744
4582	10312
4583	223072
4584	9232
4585	39184
4586	9232
4587	58804
4588	5812
4589	13768
4590	15496
4591	8153620
4592	4592
4593	13780
4594	8728
4595	20680
4596	4596
4597	13792
4598	44224
4599	44224
4600	13120
4601	17476
4602	13120
4603	95956
4604	39364
4605	39364
4606	118096
4607	1276936
4608	4608
4609	13828
4610	9232
4611	20752
4612	9232
4613	13840
4614	10384
4615	31156
4616	4616
4617	23380
4618	6928
4619	20788
4620	5200
4621	13864
4622	15604
4623	46816
4624	4624
4625	13876
4626	11716
4627	20824
4628	4628
4629	13888
4630	10420
4631	31264
4632	4632
4633	15640
4634	6952
4635	79216
4636	7828
4637	13912
4638	23488
4639	70468
4640	9232
4641	13924
4642	6964
4643	20896
4644	190996
4645	190996
4646	190996
4647	35296
4648	9232
4649	67048
4650	9232
4651	20932
4652	9232
4653	13960
4654	15712
4655	59668
4656	9232
4657	13972
4658	9232
4659	20968
4660	9232
4661	13984
4662	59776
4663	59776
4664	4664
4665	345544
4666	7000
4667	23632
4668	11824
4669	14008
4670	95956
4671	106432
4672	9232
4673	14020
4674	7012
4675	21040
4676	4676
4677	14032
4678	10528
4679	31588
4680	4680
4681	23704
4682	7024
4683	21076
4684	5272
4685	14056
4686	17800
4687	47464
4688	9232
4689	14068
4690	26728
4691	26728
4692	9232
4693	14080
4694	14308
4695	31696
4696	9232
4697	15856
4698	9232
4699	67768
4700	9232
4701	14104
4702	23812
4703	71440
4704	9232
4705	17872
4706	7060
4707	21184
4708	4708
4709	14128
4710	10600
4711	80512
4712	9232
4713	35800
4714	9232
4715	21220
4716	13444
4717	14152
4718	15928
4719	53764
4720	4720
4721	14164
4722	10096
4723	21256
4724	4724
4725	14176
4726	11968
4727	31912
4728	5992
4729	26944
4730	7096
4731	23956
4732	45520
4733	45520
4734	53944
4735	182068
4736	4736
4737	20248
4738	9232
4739	21328
4740	21688
4741	21688
4742	21688
4743	32020
4744	9232
4745	40552
4746	9232
4747	21688
4748	9232
4749	14248
4750	250504
4751	250504
4752	9232
4753	14260
4754	12040
4755	21400
4756	9232
4757	14272
4758	10708
4759	32128
4760	9232
4761	16072
4762	9232
4763	695464
4764	15280
4765	15280
4766	24136
4767	122200
4768	4768
4769	14308
4770	39364
4771	39364
4772	39364
4773	39364
4774	39364
4775	40804
4776	4776
4777	275560
4778	7168
4779	21508
4780	9232
4781	14344
4782	16144
4783	48436
4784	9232
4785	14356
4786	8080
4787	21544
4788	9232
4789	14368
4790	18196
4791	32344
4792	9232
4793	16180
4794	9232
4795	24280
4796	12148
4797	14392
4798	36448
4799	138400
4800	4800
4801	14404
4802	17332
4803	21616
4804	4804
4805	14416
4806	10816
4807	32452
4808	4808
4809	24352
4810	7216
4811	21652
4812	5416
4813	14440
4814	61720
4815	61720
4816	4816
4817	14452
4818	18304
4819	21688
4820	4820
4821	14464
4822	10852
4823	32560
4824	5812
4825	16288
4826	7240
4827	223072
4828	8152
4829	14488
4830	27520
4831	73384
4832	4832
4833	69712
4834	7252
4835	21760
4836	13120
4837	14512
4838	13120
4839	93040
4840	4840
4841	176740
4842	7264
4843	44224
4844	39364
4845	39364
4846	39364
4847	209680
4848	4848
4849	14548
4850	1276936
4851	1276936
4852	4852
4853	14560
4854	12292
4855	32776
4856	9232
4857	18448
4858	9232
4859	41524
4860	27700
4861	27700
4862	83104
4863	599056
4864	4864
4865	14596
4866	7300
4867	21904
4868	9232
4869	14608
4870	10960
4871	32884
4872	9232
4873	24676
4874	9232
4875	21940
4876	9232
4877	14632
4878	16468
4879	49408
4880	4880
4881	14644
4882	13912
4883	21976
4884	4884
4885	14656
4886	10996
4887	32992
4888	4888
4889	20896
4890	7336
4891	225988
4892	9232
4893	14680
4894	24784
4895	74356
4896	4896
4897	14692
4898	9232
4899	22048
4900	9232
4901	14704
4902	11032
4903	59668
4904	4904
4905	55888
4906	7360
4907	22084
4908	9232
4909	14728
4910	16576
4911	59776
4912	4912
4913	14740
4914	9232
4915	22120
4916	4916
4917	14752
4918	95956
4919	95956
4920	10528
4921	16612
4922	10528
4923	24928
4924	12472
4925	14776
4926	250504
4927	250504
4928	4928
4929	14788
4930	7396
4931	22192
4932	9232
4933	14800
4934	11104
4935	144340
4936	9232
4937	25000
4938	9232
4939	22228
4940	9232
4941	14824
4942	18772
4943	50056
4944	4944
4945	15856
4946	42280
4947	42280
4948	4948
4949	14848
4950	23812
4951	33424
4952	9232
4953	16720
4954	9232
4955	37636
4956	9232
4957	14872
4958	25108
4959	75328
4960	9232
4961	80512
4962	7444
4963	22336
4964	4964
4965	14896
4966	11176
4967	190996
4968	9232
4969	37744
4970	9232
4971	22372
4972	9448
4973	14920
4974	16792
4975	56680
4976	9232
4977	14932
4978	8404
4979	22408
4980	9232
4981	14944
4982	45520
4983	45520
4984	9232
4985	345544
4986	9232
4987	182068
4988	18952
4989	18952
4990	95956
4991	170584
4992	4992
4993	21688
4994	9232
4995	22480
4996	250504
4997	250504
4998	250504
4999	33748
5000	5000
5001	32056
5002	7504
5003	250504
5004	5632
5005	15016
5006	16900
5007	50704
5008	9232
5009	15028
5010	12688
5011	22552
5012	9232
5013	15040
5014	11284
5015	33856
5016	9232
5017	16936
5018	9232
5019	57184
5020	14308
5021	15064
5022	25432
5023	85840
5024	5024
5025	39364
5026	9232
5027	22624
5028	9556
5029	15088
5030	11320
5031	103336
5032	5032
5033	86020
5034	7552
5035	22660
5036	8080
5037	15112
5038	17008
5039	51028
5040	5040
5041	15124
5042	8512
5043	22696
5044	5044
5045	15136
5046	19168
5047	34072
5048	5048
5049	17044
5050	7576
5051	25576
5052	138400
5053	138400
5054	138400
5055	145780
5056	5056
5057	15172
5058	14416
5059	22768
5060	5060
5061	15184
5062	11392
5063	34180
5064	5064
5065	25648
5066	7600
5067	22804
5068	5704
5069	15208
5070	61720
5071	61720
5072	5072
5073	15220
5074	21688
5075	22840
5076	5076
5077	15232
5078	32560
5079	34288
5080	5080
5081	17152
5082	7624
5083	38608
5084	8584
5085	15256
5086	48904
5087	77272
5088	9232
5089	28996
5090	7636
5091	22912
5092	5092
5093	15280
5094	11464
5095	58048
5096	9232
5097	98008
5098	9232
5099	176740
5100	39364
5101	39364
5102	39364
5103	87208
5104	9232
5105	15316
5106	1276936
5107	1276936
5108	9232
5109	15328
5110	14560
5111	34504
5112	41524
5113	32776
5114	41524
5115	29140
5116	65608
5117	65608
5118	897856
5119	897856
5120	5120
5121	15364
5122	9232
5123	23056
5124	5124
5125	15376
5126	11536
5127	34612
5128	5128
5129	25972
5130	7696
5131	23092
5132	5776
5133	15400
5134	17332
5135	52000
5136	5136
5137	15412
5138	13012
5139	23128
5140	5140
5141	15424
5142	11572
5143	34720
5144	5144
5145	17368
5146	7720
5147	250504
5148	9232
5149	15448
5150	26080
5151	237976
5152	9232
5153	24784
5154	7732
5155	23200
5156	9232
5157	15472
5158	11608
5159	39184
5160	9232
5161	58804
5162	9232
5163	23236
5164	5812
5165	15496
5166	17440
5167	55888
5168	9232
5169	15508
5170	8728
5171	23272
5172	9232
5173	15520
5174	44224
5175	44224
5176	5176
5177	17476
5178	7768
5179	95956
5180	13120
5181	15544
5182	39364
5183	118096
5184	5184
5185	15556
5186	7780
5187	23344
5188	9232
5189	15568
5190	11680
5191	94768
5192	9232
5193	26296
5194	9232
5195	23380
5196	9232
5197	15592
5198	19744
5199	52648
5200	5200
5201	15604
5202	33352
5203	33352
5204	5204
5205	15616
5206	11716
5207	35152
5208	9232
5209	17584
5210	9232
5211	84544
5212	9232
5213	15640
5214	33424
5215	79216
5216	5216
5217	19816
5218	7828
5219	23488
5220	5220
5221	15664
5222	11752
5223	100420
5224	5224
5225	80512
5226	7840
5227	23524
5228	190996
5229	190996
5230	190996
5231	67048
5232	9232
5233	15700
5234	9448
5235	23560
5236	9232
5237	15712
5238	13264
5239	35368
5240	9232
5241	85048
5242	9232
5243	26548
5244	19924
5245	19924
5246	59776
5247	179332
5248	9232
5249	345544
5250	7876
5251	23632
5252	5252
5253	15760
5254	11824
5255	95956
5256	5256
5257	575728
5258	7888
5259	23668
5260	5920
5261	15784
5262	250504
5263	250504
5264	5264
5265	15796
5266	13336
5267	23704
5268	5268
5269	15808
5270	11860
5271	35584
5272	5272
5273	17800
5274	7912
5275	60100
5276	10024
5277	15832
5278	26728
5279	202984
5280	9232
5281	33856
5282	14308
5283	23776
5284	15064
5285	15856
5286	15064
5287	67768
5288	9232
5289	135592
5290	9232
5291	23812
5292	5956
5293	15880
5294	17872
5295	53620
5296	5296
5297	15892
5298	8944
5299	23848
5300	5300
5301	15904
5302	22660
5303	35800
5304	5304
5305	17908
5306	7960
5307	51028
5308	13444
5309	15928
5310	40336
5311	121012
5312	9232
5313	15940
5314	10096
5315	23920
5316	5316
5317	15952
5318	11968
5319	35908
5320	5320
5321	26944
5322	7984
5323	23956
5324	5992
5325	15976
5326	45520
5327	53944
5328	9232
5329	15988
5330	20248
5331	23992
5332	9232
5333	16000
5334	12004
5335	36016
5336	21688
5337	18016
5338	21688
5339	40552
5340	21688
5341	21688
5342	30436
5343	81160
5344	9232
5345	250504
5346	9232
5347	24064
5348	8584
5349	16048
5350	12040
5351	146500
5352	9232
5353	40660
5354	9232
5355	34324
5356	6784
5357	16072
5358	18088
5359	695464
5360	9232
5361	16084
5362	15280
5363	24136
5364	9232
5365	16096
5366	13588
5367	36232
5368	39364
5369	20392
5370	39364
5371	176740
5372	39364
5373	39364
5374	103336
5375	275560
5376	5376
5377	16132
5378	14560
5379	24208
5380	9232
5381	16144
5382	12112
5383	36340
5384	5384
5385	32776
5386	8080
5387	65608
5388	6064
5389	16168
5390	18196
5391	54592
5392	9232
5393	16180
5394	23056
5395	24280
5396	9232
5397	16192
5398	12148
5399	36448
5400	9232
5401	25972
5402	9232
5403	155824
5404	17332
5405	17332
5406	27376
5407	82132
5408	5408
5409	16228
5410	8116
5411	24352
5412	6856
5413	16240
5414	12184
5415	41128
5416	5416
5417	61720
5418	8128
5419	24388
5420	9232
5421	16264
5422	18304
5423	54916
5424	5424
5425	16276
5426	9232
5427	24424
5428	5428
5429	16288
5430	223072
5431	223072
5432	5812
5433	39184
5434	8152
5435	27520
5436	13768
5437	16312
5438	69712
5439	123928
5440	5440
5441	16324
5442	8728
5443	24496
5444	13120
5445	16336
5446	13120
5447	176740
5448	39364
5449	44224
5450	39364
5451	24532
5452	39364
5453	39364
5454	95956
5455	95956
5456	5456
5457	118096
5458	1276936
5459	1276936
5460	5460
5461	16384
5462	12292
5463	36880
5464	5464
5465	18448
5466	8200
5467	41524
5468	9232
5469	16408
5470	27700
5471	83104
5472	9232
5473	20788
5474	8212
5475	24640
5476	5476
5477	16432
5478	12328
5479	399976
5480	9232
5481	41632
5482	9232
5483	24676
5484	10420
5485	16456
5486	18520
5487	62512
5488	9232
5489	16468
5490	9268
5491	24712
5492	9232
5493	16480
5494	13912
5495	37096
5496	6964
5497	70468
5498	8248
5499	27844
5500	20896
5501	20896
5502	225988
5503	225988
5504	5504
5505	190996
5506	9232
5507	24784
5508	9232
5509	16528
5510	12400
5511	37204
5512	9232
5513	31408
5514	9232
5515	24820
5516	9232
5517	16552
5518	18628
5519	55888
5520	9232
5521	16564
5522	13984
5523	24856
5524	9232
5525	16576
5526	12436
5527	37312
5528	9232
5529	18664
5530	9232
5531	63016
5532	95956
5533	95956
5534	95956
5535	359152
5536	5536
5537	16612
5538	8308
5539	24928
5540	10528
5541	16624
5542	12472
5543	250504
5544	5544
5545	94768
5546	8320
5547	24964
5548	6244
5549	16648
5550	18736
5551	56212
5552	9232
5553	16660
5554	9376
5555	25000
5556	9232
5557	16672
5558	26728
5559	37528
5560	9232
5561	18772
5562	9232
5563	28168
5564	15856
5565	16696
5566	42280
5567	481624
5568	5568
5569	16708
5570	23812
5571	25072
5572	5572
5573	16720
5574	12544
5575	37636
5576	9232
5577	28240
5578	9232
5579	25108
5580	9232
5581	16744
5582	80512
5583	80512
5584	5584
5585	16756
5586	21220
5587	25144
5588	5588
5589	16768
5590	15928
5591	37744
5592	5592
5593	18880
5594	8392
5595	42496
5596	9448
5597	16792
5598	71764
5599	85048
5600	9232
5601	31912
5602	8404
5603	25216
5604	45520
5605	45520
5606	45520
5607	63880
5608	9232
5609	345544
5610	9232
5611	182068
5612	9232
5613	16840
5614	18952
5615	95956
5616	9232
5617	16852
5618	21688
5619	25288
5620	9232
5621	16864
5622	40552
5623	40552
5624	250504
5625	21688
5626	250504
5627	32056
5628	250504
5629	250504
5630	144340
5631	433024
5632	5632
5633	16900
5634	9232
5635	25360
5636	9232
5637	16912
5638	12688
5639	38068
5640	5640
5641	28564
5642	8464
5643	25396
5644	6352
5645	16936
5646	19060
5647	57184
5648	9232
5649	16948
5650	14308
5651	25432
5652	9232
5653	16960
5654	39364
5655	39364
5656	9232
5657	39364
5658	9232
5659	96712
5660	9556
5661	16984
5662	28672
5663	86020
5664	5664
5665	16996
5666	9232
5667	25504
5668	8080
5669	17008
5670	12760
5671	43072
5672	5672
5673	6810136
5674	8512
5675	25540
5676	9232
5677	17032
5678	19168
5679	163780
5680	5680
5681	17044
5682	12148
5683	25576
5684	5684
5685	17056
5686	138400
5687	138400
5688	5688
5689	19204
5690	8536
5691	28816
5692	14416
5693	17080
5694	43252
5695	129760
5696	5696
5697	17092
5698	8548
5699	25648
5700	5700
5701	17104
5702	12832
5703	38500
5704	5704
5705	61720
5706	8560
5707	25684
5708	6424
5709	17128
5710	21688
5711	57832
5712	5712
5713	17140
5714	32560
5715	32560
5716	5716
5717	17152
5718	12868
5719	38608
5720	5720
5721	19312
5722	8584
5723	48904
5724	9664
5725	17176
5726	28996
5727	86992
5728	5728
5729	21760
5730	8596
5731	25792
5732	5732
5733	17200
5734	12904
5735	98008
5736	5736
5737	176740
5738	8608
5739	44224
5740	39364
5741	39364
5742	39364
5743	65428
5744	9232
5745	17236
5746	1276936
5747	1276936
5748	9232
5749	17248
5750	14560
5751	38824
5752	9232
5753	32776
5754	9232
5755	29140
5756	41524
5757	41524
5758	65608
5759	897856
5760	5760
5761	83104
5762	8644
5763	25936
5764	9232
5765	17296
5766	12976
5767	38932
5768	5768
5769	49300
5770	8656
5771	25972
5772	6496
5773	17320
5774	24676
5775	58480
5776	5776
5777	17332
5778	14632
5779	26008
5780	5780
5781	17344
5782	13012
5783	39040
5784	5784
5785	19528
5786	8680
5787	74176
5788	10996
5789	17368
5790	29320
5791	250504
5792	5792
5793	20896
5794	9232
5795	26080
5796	24784
5797	24784
5798	24784
5799	190996
5800	5800
5801	223072
5802	8704
5803	26116
5804	9232
5805	17416
5806	19600
5807	58804
5808	5808
5809	17428
5810	9808
5811	26152
5812	5812
5813	17440
5814	22084
5815	39256
5816	5816
5817	19636
5818	8728
5819	29464
5820	14740
5821	17464
5822	44224
5823	132676
5824	9232
5825	17476
5826	95956
5827	95956
5828	5828
5829	17488
5830	13120
5831	39364
5832	5832
5833	29536
5834	8752
5835	26260
5836	6568
5837	17512
5838	250504
5839	250504
5840	9232
5841	17524
5842	22192
5843	26296
5844	9232
5845	17536
5846	13156
5847	39472
5848	9232
5849	19744
5850	9232
5851	44440
5852	9880
5853	17560
5854	33352
5855	88936
5856	9232
5857	50056
5858	9232
5859	26368
5860	5860
5861	17584
5862	13192
5863	84544
5864	9232
5865	67768
5866	9232
5867	33424
5868	9232
5869	17608
5870	19816
5871	150496
5872	5872
5873	17620
5874	25108
5875	26440
5876	5876
5877	17632
5878	80512
5879	80512
5880	11176
5881	22336
5882	11176
5883	50272
5884	190996
5885	190996
5886	190996
5887	381976
5888	5888
5889	17668
5890	9448
5891	26512
5892	9232
5893	17680
5894	13264
5895	39796
5896	9232
5897	85048
5898	9232
5899	26548
5900	9232
5901	17704
5902	19924
5903	59776
5904	5904
5905	17716
5906	345544
5907	345544
5908	5908
5909	17728
5910	18952
5911	39904
5912	5912
5913	95956
5914	8872
5915	575728
5916	9988
5917	17752
5918	29968
5919	89908
5920	5920
5921	250504
5922	8884
5923	26656
5924	7504
5925	17776
5926	13336
5927	45016
5928	5928
5929	250504
5930	8896
5931	26692
5932	9232
5933	17800
5934	20032
5935	60100
5936	5936
5937	17812
5938	10024
5939	26728
5940	5940
5941	17824
5942	33856
5943	40120
5944	14308
5945	20068
5946	14308
5947	30112
5948	15064
5949	17848
5950	50848
5951	135592
5952	5952
5953	17860
5954	9232
5955	26800
5956	5956
5957	17872
5958	13408
5959	50920
5960	8080
5961	30184
5962	8944
5963	26836
5964	8080
5965	17896
5966	22660
5967	60424
5968	5968
5969	17908
5970	51028
5971	51028
5972	5972
5973	17920
5974	13444
5975	40336
5976	5976
5977	20176
5978	8968
5979	45412
5980	10096
5981	17944
5982	30292
5983	90880
5984	5984
5985	25576
5986	8980
5987	26944
5988	5988
5989	17968
5990	13480
5991	345544
5992	5992
5993	45520
5994	8992
5995	26980
5996	11392
5997	17992
5998	20248
5999	129760
6000	6000
6001	18004
6002	10132
6003	27016
6004	6004
6005	18016
6006	15208
6007	40552
6008	21688
6009	61720
6010	21688
6011	30436
6012	22840
6013	22840
6014	250504
6015	250504
6016	9232
6017	32560
6018	9028
6019	27088
6020	8584
6021	18064
6022	13552
6023	40660
6024	6024
6025	34324
6026	9040
6027	48904
6028	6784
6029	18088
6030	28996
6031	61072
6032	9232
6033	18100
6034	15280
6035	27160
6036	9232
6037	18112
6038	13588
6039	40768
6040	9232
6041	20392
6042	9232
6043	176740
6044	39364
6045	39364
6046	39364
6047	103336
6048	9232
6049	18148
6050	9232
6051	27232
6052	14560
6053	18160
6054	14560
6055	118096
6056	9232
6057	1276936
6058	9232
6059	32776
6060	65608
6061	65608
6062	65608
6063	61396
6064	6064
6065	18196
6066	10240
6067	27304
6068	6068
6069	18208
6070	23056
6071	40984
6072	6072
6073	20500
6074	9112
6075	30760
6076	25972
6077	25972
6078	46168
6079	155824
6080	9232
6081	18244
6082	17332
6083	27376
6084	9232
6085	18256
6086	13696
6087	41092
6088	6088
6089	30832
6090	9136
6091	27412
6092	6856
6093	18280
6094	34720
6095	61720
6096	9232
6097	18292
6098	250504
6099	250504
6100	9232
6101	18304
6102	26080
6103	41200
6104	9232
6105	20608
6106	9232
6107	46384
6108	10312
6109	18328
6110	223072
6111	223072
6112	6112
6113	39184
6114	9232
6115	27520
6116	6116
6117	18352
6118	13768
6119	69712
6120	6120
6121	8153620
6122	9184
6123	55888
6124	8728
6125	18376
6126	20680
6127	104704
6128	13120
6129	18388
6130	44224
6131	44224
6132	13120
6133	18400
6134	17476
6135	41416
6136	39364
6137	95956
6138	39364
6139	95956
6140	118096
6141	118096
6142	1276936
6143	1276936
6144	6144
6145	18436
6146	9232
6147	27664
6148	9232
6149	18448
6150	13840
6151	41524
6152	6152
6153	31156
6154	9232
6155	27700
6156	6928
6157	18472
6158	20788
6159	62368
6160	6160
6161	18484
6162	15604
6163	27736
6164	6164
6165	18496
6166	13876
6167	41632
6168	6168
6169	20824
6170	9256
6171	975400
6172	10420
6173	18520
6174	31264
6175	93796
6176	9232
6177	18532
6178	9268
6179	27808
6180	7828
6181	18544
6182	13912
6183	46960
6184	9232
6185	70468
6186	9280
6187	27844
6188	6964
6189	18568
6190	20896
6191	225988
6192	9232
6193	190996
6194	190996
6195	190996
6196	9232
6197	18592
6198	67048
6199	67048
6200	9232
6201	20932
6202	9304
6203	31408
6204	15712
6205	18616
6206	59668
6207	141424
6208	9232
6209	18628
6210	9316
6211	27952
6212	9232
6213	18640
6214	13984
6215	41956
6216	6216
6217	59776
6218	9328
6219	27988
6220	7000
6221	18664
6222	23632
6223	63016
6224	9232
6225	18676
6226	95956
6227	95956
6228	9232
6229	18688
6230	14020
6231	42064
6232	6232
6233	21040
6234	9352
6235	269728
6236	10528
6237	18712
6238	31588
6239	94768
6240	9232
6241	23704
6242	9364
6243	28096
6244	6244
6245	18736
6246	14056
6247	144340
6248	9232
6249	47464
6250	9376
6251	60100
6252	26728
6253	26728
6254	26728
6255	120256
6256	9232
6257	18772
6258	14308
6259	28168
6260	9232
6261	18784
6262	15856
6263	42280
6264	9232
6265	67768
6266	9400
6267	50848
6268	23812
6269	23812
6270	71440
6271	214324
6272	6272
6273	18820
6274	9412
6275	28240
6276	6276
6277	18832
6278	14128
6279	42388
6280	9232
6281	80512
6282	9424
6283	28276
6284	9232
6285	18856
6286	21220
6287	63664
6288	6288
6289	18868
6290	15928
6291	28312
6292	6292
6293	18880
6294	14164
6295	42496
6296	6296
6297	21256
6298	9448
6299	71764
6300	11968
6301	18904
6302	31912
6303	817936
6304	6304
6305	26944
6306	9460
6307	28384
6308	45520
6309	45520
6310	45520
6311	345544
6312	6312
6313	182068
6314	9472
6315	28420
6316	9232
6317	18952
6318	21328
6319	129760
6320	9232
6321	21688
6322	21688
6323	28456
6324	9232
6325	18976
6326	40552
6327	42712
6328	9232
6329	21688
6330	9496
6331	32056
6332	250504
6333	250504
6334	250504
6335	144340
6336	6336
6337	19012
6338	12040
6339	28528
6340	9232
6341	19024
6342	14272
6343	42820
6344	9232
6345	32128
6346	9520
6347	28564
6348	9232
6349	19048
6350	695464
6351	695464
6352	6352
6353	19060
6354	24136
6355	28600
6356	6356
6357	19072
6358	14308
6359	42928
6360	39364
6361	39364
6362	39364
6363	48328
6364	39364
6365	39364
6366	40804
6367	96712
6368	9232
6369	275560
6370	9556
6371	28672
6372	9232
6373	19120
6374	14344
6375	1276936
6376	9232
6377	48436
6378	9568
6379	36340
6380	8080
6381	19144
6382	21544
6383	6810136
6384	9232
6385	19156
6386	18196
6387	28744
6388	9232
6389	19168
6390	16180
6391	43144
6392	12148
6393	24280
6394	12148
6395	599056
6396	36448
6397	36448
6398	138400
6399	328048
6400	6400
6401	19204
6402	17332
6403	28816
6404	6404
6405	19216
6406	14416
6407	43252
6408	6408
6409	32452
6410	9616
6411	28852
6412	7216
6413	19240
6414	21652
6415	64960
6416	6416
6417	19252
6418	61720
6419	61720
6420	6420
6421	19264
6422	14452
6423	43360
6424	6424
6425	21688
6426	9640
6427	164752
6428	10852
6429	19288
6430	32560
6431	97684
6432	6432
6433	19300
6434	9652
6435	28960
6436	8152
6437	19312
6438	14488
6439	48904
6440	6440
6441	73384
6442	9664
6443	28996
6444	7252
6445	19336
6446	21760
6447	65284
6448	6448
6449	19348
6450	13120
6451	29032
6452	6452
6453	19360
6454	176740
6455	176740
6456	39364
6457	44224
6458	39364
6459	39364
6460	39364
6461	39364
6462	209680
6463	209680
6464	6464
6465	19396
6466	1276936
6467	1276936
6468	6468
6469	19408
6470	14560
6471	6810136
6472	9232
6473	32776
6474	9712
6475	29140
6476	9232
6477	19432
6478	41524
6479	65608
6480	6480
6481	27700
6482	83104
6483	83104
6484	6484
6485	19456
6486	14596
6487	43792
6488	9232
6489	21904
6490	9736
6491	49300
6492	10960
6493	19480
6494	32884
6495	98656
6496	6496
6497	24676
6498	9748
6499	29248
6500	9232
6501	19504
6502	14632
6503	166696
6504	6504
6505	49408
6506	9760
6507	29284
6508	13912
6509	19528
6510	21976
6511	74176
6512	6512
6513	19540
6514	10996
6515	29320
6516	6516
6517	19552
6518	20896
6519	44008
6520	9232
6521	225988
6522	9784
6523	190996
6524	24784
6525	24784
6526	74356
6527	223072
6528	6528
6529	19588
6530	9796
6531	29392
6532	9232
6533	19600
6534	14704
6535	44116
6536	6536
6537	59668
6538	9808
6539	29428
6540	7360
6541	19624
6542	22084
6543	66256
6544	6544
6545	19636
6546	16576
6547	29464
6548	6548
6549	19648
6550	14740
6551	44224
6552	6552
6553	22120
6554	9832
6555	74680
6556	95956
6557	95956
6558	95956
6559	112084
6560	6560
6561	19684
6562	10528
6563	29536
6564	12472
6565	19696
6566	14776
6567	49876
6568	6568
6569	250504
6570	9856
6571	94768
6572	7396
6573	19720
6574	22192
6575	66580
6576	9232
6577	19732
6578	11104
6579	29608
6580	9232
6581	19744
6582	25000
6583	44440
6584	9232
6585	22228
6586	9880
6587	33352
6588	18772
6589	19768
6590	50056
6591	975400
6592	9232
6593	19780
6594	42280
6595	42280
6596	6596
6597	19792
6598	14848
6599	67768
6600	9232
6601	33424
6602	9904
6603	29716
6604	9232
6605	19816
6606	37636
6607	66904
6608	9232
6609	19828
6610	25108
6611	29752
6612	9232
6613	19840
6614	80512
6615	80512
6616	6616
6617	22336
6618	9928
6619	50272
6620	11176
6621	19864
6622	190996
6623	190996
6624	9232
6625	37744
6626	9940
6627	29824
6628	9448
6629	19888
6630	14920
6631	75544
6632	9232
6633	56680
6634	9952
6635	85048
6636	8404
6637	19912
6638	22408
6639	127636
6640	9232
6641	19924
6642	45520
6643	45520
6644	9232
6645	19936
6646	345544
6647	345544
6648	18952
6649	182068
6650	18952
6651	37888
6652	95956
6653	95956
6654	170584
6655	575728
6656	6656
6657	21688
6658	9988
6659	29968
6660	250504
6661	250504
6662	250504
6663	44980
6664	6664
6665	33748
6666	10000
6667	250504
6668	7504
6669	20008
6670	250504
6671	250504
6672	9232
6673	20020
6674	16900
6675	30040
6676	9232
6677	20032
6678	15028
6679	45088
6680	9232
6681	22552
6682	10024
6683	114208
6684	11284
6685	20056
6686	33856
6687	101572
6688	6688
6689	20068
6690	10036
6691	30112
6692	14308
6693	20080
6694	15064
6695	50848
6696	6696
6697	85840
6698	10048
6699	30148
6700	9232
6701	20104
6702	22624
6703	85912
6704	6704
6705	20116
6706	11320
6707	30184
6708	6708
6709	20128
6710	86020
6711	86020
6712	8080
6713	22660
6714	10072
6715	34000
6716	17008
6717	20152
6718	51028
6719	153088
6720	6720
6721	20164
6722	10084
6723	30256
6724	6724
6725	20176
6726	15136
6727	45412
6728	6728
6729	34072
6730	10096
6731	30292
6732	7576
6733	20200
6734	25576
6735	68200
6736	6736
6737	138400
6738	138400
6739	138400
6740	6740
6741	20224
6742	15172
6743	45520
6744	6744
6745	22768
6746	10120
6747	57652
6748	11392
6749	20248
6750	34180
6751	102544
6752	6752
6753	25648
6754	10132
6755	30400
6756	6756
6757	20272
6758	15208
6759	115504
6760	6760
6761	61720
6762	10144
6763	30436
6764	21688
6765	21688
6766	22840
6767	250504
6768	6768
6769	20308
6770	32560
6771	32560
6772	6772
6773	20320
6774	17152
6775	45736
6776	8584
6777	38608
6778	10168
6779	34324
6780	48904
6781	48904
6782	77272
6783	260800
6784	6784
6785	28996
6786	10180
6787	30544
6788	6788
6789	20368
6790	15280
6791	45844
6792	9232
6793	58048
6794	10192
6795	30580
6796	9232
6797	20392
6798	176740
6799	176740
6800	9232
6801	39364
6802	39364
6803	39364
6804	9232
6805	20416
6806	15316
6807	45952
6808	9232
6809	1276936
6810	10216
6811	314656
6812	14560
6813	20440
6814	34504
6815	1276936
6816	6816
6817	32776
6818	41524
6819	41524
6820	65608
6821	65608
6822	65608
6823	560356
6824	6824
6825	897856
6826	10240
6827	83104
6828	9232
6829	20488
6830	23056
6831	69172
6832	6832
6833	20500
6834	11536
6835	30760
6836	6836
6837	20512
6838	25972
6839	46168
6840	6840
6841	23092
6842	10264
6843	34648
6844	17332
6845	20536
6846	52000
6847	156004
6848	9232
6849	20548
6850	13012
6851	30832
6852	6852
6853	20560
6854	15424
6855	46276
6856	6856
6857	34720
6858	10288
6859	30868
6860	7720
6861	20584
6862	250504
6863	250504
6864	9232
6865	20596
6866	26080
6867	30904
6868	9232
6869	20608
6870	24784
6871	46384
6872	9232
6873	23200
6874	10312
6875	223072
6876	11608
6877	20632
6878	39184
6879	104488
6880	9232
6881	58804
6882	10324
6883	30976
6884	6884
6885	20656
6886	15496
6887	8153620
6888	9232
6889	55888
6890	10336
6891	39256
6892	8728
6893	20680
6894	23272
6895	176740
6896	6896
6897	20692
6898	44224
6899	44224
6900	6900
6901	20704
6902	17476
6903	46600
6904	13120
6905	95956
6906	13120
6907	95956
6908	39364
6909	39364
6910	118096
6911	1276936
6912	9232
6913	20740
6914	10372
6915	31120
6916	9232
6917	20752
6918	15568
6919	250504
6920	9232
6921	94768
6922	10384
6923	31156
6924	9232
6925	20776
6926	23380
6927	70144
6928	6928
6929	20788
6930	19744
6931	31192
6932	6932
6933	20800
6934	15604
6935	46816
6936	6936
6937	33352
6938	10408
6939	675376
6940	11716
6941	20824
6942	35152
6943	975400
6944	6944
6945	20836
6946	10420
6947	31264
6948	9232
6949	20848
6950	15640
6951	67768
6952	6952
6953	79216
6954	10432
6955	31300
6956	7828
6957	20872
6958	23488
6959	70468
6960	6960
6961	20884
6962	11752
6963	31336
6964	6964
6965	20896
6966	80512
6967	80512
6968	190996
6969	23524
6970	190996
6971	35296
6972	190996
6973	190996
6974	67048
6975	158920
6976	9232
6977	20932
6978	10468
6979	31408
6980	9232
6981	20944
6982	15712
6983	59668
6984	9232
6985	35368
6986	10480
6987	31444
6988	9232
6989	20968
6990	26548
6991	70792
6992	9232
6993	20980
6994	59776
6995	59776
6996	9232
6997	20992
6998	345544
6999	345544
7000	7000
7001	23632
7002	10504
7003	53188
7004	11824
7005	21016
7006	95956
7007	106432
7008	7008
7009	575728
7010	10516
7011	31552
7012	7012
7013	21040
7014	15784
7015	269728
7016	7016
7017	250504
7018	10528
7019	31588
7020	13336
7021	21064
7022	23704
7023	250504
7024	7024
7025	21076
7026	11860
7027	31624
7028	7028
7029	21088
7030	17800
7031	47464
7032	10024
7033	60100
7034	10552
7035	45088
7036	26728
7037	26728
7038	202984
7039	240568
7040	9232
7041	33856
7042	14308
7043	31696
7044	15064
7045	21136
7046	15856
7047	47572
7048	9232
7049	67768
7050	10576
7051	50848
7052	9232
7053	21160
7054	23812
7055	71440
7056	7056
7057	21172
7058	17872
7059	31768
7060	7060
7061	21184
7062	15892
7063	47680
7064	7064
7065	23848
7066	10600
7067	80512
7068	22660
7069	22660
7070	35800
7071	120832
7072	9232
7073	21220
7074	10612
7075	31840
7076	13444
7077	21232
7078	15928
7079	53764
7080	9232
7081	121012
7082	10624
7083	31876
7084	10096
7085	21256
7086	23920
7087	71764
7088	7088
7089	21268
7090	11968
7091	31912
7092	7092
7093	21280
7094	26944
7095	47896
7096	7096
7097	23956
7098	10648
7099	35944
7100	45520
7101	45520
7102	53944
7103	182068
7104	9232
7105	21316
7106	20248
7107	31984
7108	9232
7109	21328
7110	16000
7111	102544
7112	21688
7113	36016
7114	21688
7115	32020
7116	21688
7117	21688
7118	40552
7119	72088
7120	9232
7121	21688
7122	30436
7123	32056
7124	9232
7125	21376
7126	250504
7127	250504
7128	8584
7129	24064
7130	10696
7131	54160
7132	12040
7133	21400
7134	146500
7135	146500
7136	9232
7137	40660
7138	10708
7139	32128
7140	7140
7141	21424
7142	16072
7143	81376
7144	9232
7145	695464
7146	10720
7147	61072
7148	15280
7149	21448
7150	24136
7151	122200
7152	39364
7153	21460
7154	13588
7155	32200
7156	39364
7157	39364
7158	20392
7159	48328
7160	39364
7161	176740
7162	39364
7163	40804
7164	103336
7165	103336
7166	275560
7167	2092552
7168	7168
7169	21508
7170	14560
7171	32272
7172	9232
7173	21520
7174	16144
7175	48436
7176	7176
7177	36340
7178	10768
7179	32308
7180	8080
7181	21544
7182	65608
7183	72736
7184	9232
7185	21556
7186	18196
7187	32344
7188	9232
7189	21568
7190	16180
7191	48544
7192	9232
7193	24280
7194	10792
7195	599056
7196	12148
7197	21592
7198	36448
7199	138400
7200	7200
7201	25972
7202	10804
7203	32416
7204	17332
7205	21616
7206	17332
7207	54736
7208	7208
7209	82132
7210	10816
7211	32452
7212	8116
7213	21640
7214	24352
7215	73060
7216	7216
7217	21652
7218	12184
7219	32488
7220	7220
7221	21664
7222	61720
7223	61720
7224	9232
7225	24388
7226	10840
7227	250504
7228	18304
7229	21688
7230	54916
7231	164752
7232	7232
7233	21700
7234	10852
7235	32560
7236	7236
7237	21712
7238	16288
7239	48868
7240	7240
7241	223072
7242	10864
7243	32596
7244	8152
7245	21736
7246	27520
7247	73384
7248	7248
7249	21748
7250	69712
7251	69712
7252	7252
7253	21760
7254	16324
7255	48976
7256	13120
7257	24496
7258	13120
7259	93040
7260	13120
7261	21784
7262	176740
7263	176740
7264	7264
7265	44224
7266	39364
7267	39364
7268	39364
7269	39364
7270	39364
7271	209680
7272	7272
7273	95956
7274	10912
7275	95956
7276	1276936
7277	1276936
7278	1276936
7279	1702276
7280	7280
7281	21844
7282	12292
7283	32776
7284	7284
7285	21856
7286	18448
7287	49192
7288	9232
7289	41524
7290	10936
7291	36916
7292	27700
7293	27700
7294	83104
7295	599056
7296	7296
7297	21892
7298	10948
7299	32848
7300	7300
7301	21904
7302	16432
7303	49300
7304	9232
7305	399976
7306	10960
7307	32884
7308	9232
7309	21928
7310	24676
7311	74032
7312	9232
7313	21940
7314	18520
7315	32920
7316	9232
7317	21952
7318	16468
7319	49408
7320	9232
7321	24712
7322	10984
7323	400948
7324	13912
7325	21976
7326	37096
7327	281716
7328	7328
7329	70468
7330	10996
7331	32992
7332	20896
7333	22000
7334	20896
7335	237976
7336	7336
7337	225988
7338	11008
7339	190996
7340	9232
7341	22024
7342	24784
7343	74356
7344	9232
7345	22036
7346	12400
7347	33064
7348	9232
7349	22048
7350	31408
7351	49624
7352	9232
7353	24820
7354	11032
7355	59668
7356	18628
7357	22072
7358	55888
7359	453256
7360	7360
7361	22084
7362	13984
7363	33136
7364	9232
7365	22096
7366	16576
7367	59776
7368	9232
7369	37312
7370	11056
7371	33172
7372	9232
7373	22120
7374	63016
7375	74680
7376	7376
7377	95956
7378	95956
7379	95956
7380	7380
7381	22144
7382	16612
7383	49840
7384	10528
7385	24928
7386	11080
7387	56104
7388	12472
7389	22168
7390	250504
7391	250504
7392	9232
7393	94768
7394	11092
7395	33280
7396	7396
7397	22192
7398	16648
7399	84292
7400	9232
7401	56212
7402	11104
7403	144340
7404	9376
7405	22216
7406	25000
7407	427192
7408	9232
7409	22228
7410	26728
7411	33352
7412	9232
7413	22240
7414	18772
7415	50056
7416	15856
7417	28168
7418	15856
7419	95092
7420	42280
7421	42280
7422	481624
7423	481624
7424	7424
7425	22276
7426	23812
7427	33424
7428	7428
7429	22288
7430	16720
7431	71440
7432	9232
7433	37636
7434	11152
7435	33460
7436	9232
7437	22312
7438	25108
7439	75328
7440	7440
7441	22324
7442	80512
7443	80512
7444	7444
7445	22336
7446	16756
7447	50272
7448	7448
7449	25144
7450	11176
7451	190996
7452	15928
7453	22360
7454	37744
7455	113236
7456	9232
7457	22372
7458	11188
7459	33568
7460	9448
7461	22384
7462	16792
7463	56680
7464	9232
7465	85048
7466	11200
7467	33604
7468	8404
7469	22408
7470	25216
7471	107728
7472	9232
7473	45520
7474	45520
7475	45520
7476	9232
7477	22432
7478	345544
7479	345544
7480	9232
7481	182068
7482	11224
7483	37888
7484	18952
7485	22456
7486	95956
7487	170584
7488	7488
7489	22468
7490	21688
7491	33712
7492	9232
7493	22480
7494	16864
7495	96064
7496	250504
7497	40552
7498	250504
7499	33748
7500	250504
7501	250504
7502	32056
7503	75976
7504	7504
7505	250504
7506	144340
7507	144340
7508	7508
7509	22528
7510	16900
7511	50704
7512	9232
7513	25360
7514	11272
7515	146500
7516	12688
7517	22552
7518	38068
7519	114208
7520	9232
7521	28564
7522	11284
7523	33856
7524	7524
7525	22576
7526	16936
7527	846916
7528	9232
7529	57184
7530	11296
7531	33892
7532	14308
7533	22600
7534	25432
7535	85840
7536	9232
7537	22612
7538	39364
7539	39364
7540	9232
7541	22624
7542	39364
7543	50920
7544	9556
7545	96712
7546	11320
7547	103336
7548	28672
7549	28672
7550	86020
7551	258064
7552	7552
7553	22660
7554	11332
7555	34000
7556	8080
7557	22672
7558	17008
7559	51028
7560	7560
7561	43072
7562	11344
7563	34036
7564	8512
7565	22696
7566	25540
7567	76624
7568	7568
7569	22708
7570	19168
7571	34072
7572	7572
7573	22720
7574	17044
7575	51136
7576	7576
7577	25576
7578	11368
7579	599056
7580	138400
7581	138400
7582	138400
7583	145780
7584	7584
7585	22756
7586	11380
7587	34144
7588	14416
7589	22768
7590	17080
7591	57652
7592	7592
7593	129760
7594	11392
7595	34180
7596	8548
7597	22792
7598	25648
7599	76948
7600	7600
7601	22804
7602	12832
7603	34216
7604	7604
7605	22816
7606	61720
7607	61720
7608	7608
7609	25684
7610	11416
7611	38536
7612	21688
7613	22840
7614	57832
7615	494080
7616	7616
7617	22852
7618	32560
7619	34288
7620	7620
7621	22864
7622	17152
7623	51460
7624	7624
7625	38608
7626	11440
7627	34324
7628	8584
7629	22888
7630	48904
7631	77272
7632	7632
7633	22900
7634	28996
7635	34360
7636	7636
7637	22912
7638	21760
7639	51568
7640	7640
7641	25792
7642	11464
7643	58048
7644	12904
7645	22936
7646	98008
7647	116152
7648	9232
7649	176740
7650	11476
7651	34432
7652	39364
7653	39364
7654	39364
7655	87208
7656	9232
7657	65428
7658	11488
7659	209680
7660	1276936
7661	1276936
7662	1276936
7663	314656
7664	9232
7665	22996
7666	14560
7667	34504
7668	9232
7669	23008
7670	32776
7671	51784
7672	41524
7673	29140
7674	41524
7675	43720
7676	65608
7677	65608
7678	897856
7679	897856
7680	7680
7681	83104
7682	11524
7683	34576
7684	9232
7685	23056
7686	17296
7687	51892
7688	7688
7689	38932
7690	11536
7691	34612
7692	8656
7693	23080
7694	25972
7695	77920
7696	7696
7697	23092
7698	24676
7699	34648
7700	7700
7701	23104
7702	17332
7703	52000
7704	7704
7705	26008
7706	11560
7707	166696
7708	13012
7709	23128
7710	39040
7711	117124
7712	7712
7713	23140
7714	11572
7715	34720
7716	10996
7717	23152
7718	17368
7719	58624
7720	7720
7721	250504
7722	11584
7723	34756
7724	9232
7725	23176
7726	26080
7727	237976
7728	7728
7729	24784
7730	24784
7731	34792
7732	7732
7733	23200
7734	223072
7735	223072
7736	9232
7737	26116
7738	11608
7739	39184
7740	19600
7741	23224
7742	58804
7743	176416
7744	9232
7745	23236
7746	11620
7747	34864
7748	7748
7749	23248
7750	17440
7751	55888
7752	7752
7753	39256
7754	11632
7755	34900
7756	8728
7757	23272
7758	29464
7759	78568
7760	9232
7761	23284
7762	44224
7763	44224
7764	9232
7765	23296
7766	17476
7767	52432
7768	7768
7769	95956
7770	11656
7771	95956
7772	13120
7773	23320
7774	39364
7775	118096
7776	9232
7777	29536
7778	11668
7779	35008
7780	7780
7781	23344
7782	17512
7783	133000
7784	9232
7785	250504
7786	11680
7787	94768
7788	22192
7789	23368
7790	26296
7791	88756
7792	9232
7793	23380
7794	13156
7795	35080
7796	9232
7797	23392
7798	19744
7799	52648
7800	9880
7801	44440
7802	11704
7803	39508
7804	33352
7805	33352
7806	88936
7807	675376
7808	7808
7809	50056
7810	11716
7811	35152
7812	7812
7813	23440
7814	17584
7815	52756
7816	9232
7817	84544
7818	11728
7819	35188
7820	9232
7821	23464
7822	33424
7823	79216
7824	7824
7825	23476
7826	19816
7827	35224
7828	7828
7829	23488
7830	17620
7831	52864
7832	7832
7833	26440
7834	11752
7835	100420
7836	80512
7837	80512
7838	80512
7839	200932
7840	7840
7841	23524
7842	11764
7843	35296
7844	190996
7845	190996
7846	190996
7847	67048
7848	7848
7849	381976
7850	11776
7851	37744
7852	9448
7853	23560
7854	26512
7855	79540
7856	9232
7857	23572
7858	13264
7859	35368
7860	9232
7861	23584
7862	85048
7863	85048
7864	9232
7865	26548
7866	11800
7867	39832
7868	19924
7869	23608
7870	59776
7871	179332
7872	7872
7873	23620
7874	345544
7875	345544
7876	7876
7877	23632
7878	17728
7879	53188
7880	7880
7881	39904
7882	11824
7883	95956
7884	8872
7885	23656
7886	575728
7887	575728
7888	7888
7889	23668
7890	29968
7891	35512
7892	7892
7893	23680
7894	250504
7895	250504
7896	7896
7897	26656
7898	11848
7899	59992
7900	13336
7901	23704
7902	45016
7903	120040
7904	7904
7905	250504
7906	11860
7907	35584
7908	9232
7909	23728
7910	17800
7911	101392
7912	7912
7913	60100
7914	11872
7915	45088
7916	10024
7917	23752
7918	26728
7919	202984
7920	14308
7921	23764
7922	33856
7923	35656
7924	14308
7925	23776
7926	20068
7927	53512
7928	15064
7929	30112
7930	15064
7931	67768
7932	50848
7933	50848
7934	135592
7935	2316760
7936	9232
7937	23812
7938	11908
7939	35728
7940	7940
7941	23824
7942	17872
7943	53620
7944	8080
7945	50920
7946	11920
7947	35764
7948	8944
7949	23848
7950	26836
7951	80512
7952	7952
7953	23860
7954	22660
7955	35800
7956	7956
7957	23872
7958	17908
7959	53728
7960	7960
7961	51028
7962	11944
7963	497176
7964	13444
7965	23896
7966	40336
7967	121012
7968	7968
7969	23908
7970	11956
7971	35872
7972	10096
7973	23920
7974	17944
7975	60568
7976	7976
7977	90880
7978	11968
7979	35908
7980	8980
7981	23944
7982	26944
7983	80836
7984	7984
7985	23956
7986	13480
7987	35944
7988	7988
7989	23968
7990	45520
7991	53944
7992	11392
7993	26980
7994	11992
7995	40480
7996	20248
7997	23992
7998	129760
7999	182248
