-0.245147749076 -0.346576318655
-0.830068590017 -0.69634962304
0.149411787911 0.855470538835
-0.186710071317 -0.363225164443
-0.786338553065 -0.662226691868
0.158762402873 0.867010756393
-0.249335617586 -0.372363522083
-0.788639476275 -0.645422220114
0.166776405496 0.911692950967
-0.23323714785 -0.358332078169
-0.801831887994 -0.615275391163
0.119098782176 0.933444871729
-0.282693905901 -0.334899263101
-0.750542347639 -0.700582432524
0.129348198021 0.856745869391
-0.22363802596 -0.367444923062
-0.766621150521 -0.651764932289
0.0793403941696 0.940941893872
-0.240836665643 -0.403602420365
-0.780689678148 -0.620216006732
0.100049065592 0.876830826019
-0.282909339796 -0.402907107137
-0.824670479082 -0.640942589796
0.170017775254 0.890479482913
-0.219444924155 -0.341188645372
-0.793439047883 -0.692505580735
0.119975677973 0.882203150562
-0.249841356978 -0.322541844942
-0.778355499448 -0.625520781883
0.101944219371 0.889182730475
-0.239107593854 -0.359840823661
-0.792748657819 -0.616668407376
0.108010441674 0.8668037498
-0.2567085928 -0.390524278461
-0.748820855545 -0.640119300729
0.0907542486197 0.942923065817
-0.237768052044 -0.355976531948
-0.775082668602 -0.629121632647
0.135642784637 0.867499629334
-0.284380331147 -0.391088161914
-0.762009652168 -0.684714753596
0.152400174987 0.85851059119
-0.218354691794 -0.40232368976
-0.775198494641 -0.654943762775
