-0.245147749076 -0.346576318655
-0.830068590017 -0.69634962304
0.149411787911 0.855470538835
-0.186710071317 -0.363225164443
-0.786338553065 -0.662226691868
0.158762402873 0.867010756393
-0.249335617586 -0.372363522083
-0.788639476275 -0.645422220114
0.166776405496 0.911692950967
-0.23323714785 -0.358332078169
-0.801831887994 -0.615275391163
0.119098782176 0.933444871729
-0.282693905901 -0.334899263101
-0.750542347639 -0.700582432524
0.129348198021 0.856745869391
-0.22363802596 -0.367444923062
-0.766621150521 -0.651764932289
0.0793403941696 0.940941893872
-0.240836665643 -0.403602420365
-0.780689678148 -0.620216006732
0.100049065592 0.876830826019
-0.282909339796 -0.402907107137
-0.824670479082 -0.640942589796
0.170017775254 0.890479482913
-0.219444924155 -0.341188645372
-0.793439047883 -0.692505580735
0.119975677973 0.882203150562
-0.249841356978 -0.322541844942
-0.778355499448 -0.625520781883
0.101944219371 0.889182730475
-0.239107593854 -0.359840823661
-0.792748657819 -0.616668407376
0.108010441674 0.8668037498
-0.2567085928 -0.390524278461
-0.748820855545 -0.640119300729
0.0907542486197 0.942923065817
-0.237768052044 -0.355976531948
-0.775082668602 -0.629121632647
0.135642784637 0.867499629334
-0.284380331147 -0.391088161914
-0.762009652168 -0.684714753596
0.152400174987 0.85851059119
-0.218354691794 -0.40232368976
-0.775198494641 -0.654943762775
0.137428864872 0.941943428931
-0.208020730906 -0.404457194139
-0.790544099467 -0.702596320475
0.114390813249 0.902179545794
-0.272064847297 -0.337276288611
-0.766380124546 -0.692861036002
0.104816629312 0.904489553139
-0.241287067629 -0.347444548861
-0.750845594414 -0.628673299971
0.0940721098154 0.880354345955
-0.195527547833 -0.344868811017
-0.744399428896 -0.622403104191
0.0776705631429 0.907373617141
-0.234634550557 -0.345590017997
-0.821462512457 -0.655948302432
0.0752492693732 0.889727802079
-0.252820693482 -0.380995720477
-0.807686136309 -0.694957149999
0.163914876241 0.884441430113
-0.255355787535 -0.401554982537
-0.741032675049 -0.667935311754
0.121910841452 0.90969693708
-0.188977130135 -0.336680591075
-0.811806699844 -0.691945194982
0.12312368764 0.902234884212
-0.196054471591 -0.328437132837
-0.81958405136 -0.636042555568
0.164555019838 0.88860735475
-0.223851379794 -0.365826185207
-0.81170592247 -0.672508249704
0.101142495511 0.88961378729
-0.225101573011 -0.33264188211
-0.796327386079 -0.694776128631
0.107045507999 0.928523810544
-0.248785781451 -0.402449335009
-0.799067938293 -0.674539431524
0.147134301983 0.944086195291
-0.213266136644 -0.319959540171
-0.768797675815 -0.627550636941
0.145303462687 0.905996161974
-0.237625996412 -0.361484517741
-0.735177222084 -0.67093162474
0.129722480618 0.94631882367
-0.245388338486 -0.399289817598
-0.794131159746 -0.676394917188
0.138212651047 0.878687197069
-0.190098452804 -0.405312974178
-0.775942764905 -0.658372798481
0.110247790902 0.885009115812
-0.194417622085 -0.364260982206
-0.811689653103 -0.656537379225
0.143214000294 0.878394329005
-0.231246917144 -0.337510330016
-0.736418305709 -0.695103582187
0.138919528486 0.853964489966
-0.265433587064 -0.352431636392
